     0/299     18.8G      5.23      6.09      5.87      17.2       216       640    0.0532   0.00783    0.0135    0.0121      4.53      4.34      5.27
     1/299     18.8G      4.17      4.72      4.61      13.5       157       640     0.236    0.0567    0.0627    0.0701       3.9      3.65      3.93
     2/299     18.8G      3.87      4.22      3.82      11.9       222       640      0.28     0.112     0.114     0.134      3.62      3.28      3.31
     3/299     18.8G      3.67      3.86      3.38      10.9       225       640     0.363     0.185     0.178     0.209      3.35      2.96      2.78
     4/299     18.8G      3.54      3.57       3.1      10.2       192       640     0.362     0.234     0.224     0.258      3.21      2.72      2.48
     5/299     18.8G      3.45      3.34      2.92       9.7       285       640     0.377     0.266     0.253     0.289      3.11      2.54      2.31
     6/299     18.8G      3.38      3.22      2.78      9.38       186       640     0.386     0.297     0.277     0.316      3.05       2.5      2.18
     7/299     18.8G      3.34      3.19      2.69      9.21       222       640     0.392     0.314     0.292      0.33         3      2.48       2.1
     8/299     18.8G       3.3      3.17      2.62      9.09       201       640     0.396     0.326     0.303      0.34      2.97      2.46      2.05
     9/299     18.8G      3.27      3.16      2.54      8.98       295       640     0.401     0.332      0.31     0.346      2.95      2.45      2.01
    10/299     18.8G      3.25      3.14       2.5      8.88       320       640     0.412     0.334     0.317     0.352      2.93      2.44      1.99
    11/299     18.8G      3.22      3.13      2.45       8.8       212       640     0.421     0.334     0.321     0.356      2.92      2.44      1.96
    12/299     18.8G      3.21      3.12      2.41      8.74       245       640      0.44     0.333     0.325      0.36      2.91      2.43      1.94
    13/299     18.8G      3.19      3.11      2.38      8.67       179       640     0.455     0.329      0.33     0.362       2.9      2.43      1.93
    14/299     18.8G      3.17      3.09      2.35      8.61       229       640     0.471     0.327     0.334     0.366      2.89      2.42      1.91
    15/299     18.8G      3.16      3.08      2.33      8.57       235       640     0.485     0.325     0.339     0.368      2.88      2.42       1.9
    16/299     18.8G      3.15      3.07       2.3      8.52       296       640       0.5     0.322     0.343     0.371      2.87      2.42      1.88
    17/299     18.8G      3.14      3.07      2.28      8.48       274       640     0.513      0.32     0.346     0.373      2.86      2.42      1.87
    18/299     18.8G      3.13      3.06      2.26      8.45       243       640     0.523     0.319      0.35     0.375      2.85      2.42      1.85
    19/299     18.8G      3.12      3.06      2.24      8.41       248       640     0.533     0.319     0.354     0.377      2.84      2.42      1.83
    20/299     18.8G      3.11      3.05      2.23      8.38       266       640     0.541     0.319     0.358      0.38      2.83      2.42      1.82
    21/299     18.8G       3.1      3.04       2.2      8.34       206       640     0.562     0.322     0.363     0.385      2.82      2.42       1.8
    22/299     18.8G      3.09      3.04      2.19      8.33       222       640     0.568     0.324     0.367     0.388      2.81      2.41      1.78
    23/299     18.8G      3.09      3.03      2.19      8.31       234       640     0.573     0.328     0.372     0.392       2.8      2.41      1.76
    24/299     18.8G      3.08      3.03      2.17      8.28       143       640     0.574     0.334     0.376     0.397      2.79       2.4      1.74
    25/299     18.8G      3.07      3.03      2.16      8.26       224       640     0.572      0.34     0.381     0.403      2.78      2.39      1.73
    26/299     18.8G      3.07      3.02      2.15      8.24       147       640      0.57     0.345     0.385     0.407      2.76      2.39      1.71
    27/299     18.8G      3.06      3.03      2.14      8.23       204       640     0.569     0.352     0.389     0.412      2.75      2.38      1.69
    28/299     18.8G      3.05      3.02      2.13       8.2       266       640     0.564     0.357     0.393     0.415      2.74      2.37      1.68
    29/299     18.8G      3.05      3.02      2.12      8.19       185       640     0.562     0.363     0.395      0.42      2.74      2.36      1.66
    30/299     18.8G      3.04      3.02      2.11      8.17       253       640     0.556     0.369     0.399     0.423      2.73      2.35      1.65
    31/299     18.8G      3.04      3.01      2.11      8.16       176       640     0.554     0.374     0.402     0.427      2.72      2.35      1.63
    32/299     18.8G      3.03      3.01      2.09      8.14       223       640     0.552     0.379     0.406      0.43      2.71      2.34      1.62
    33/299     18.8G      3.03      3.01      2.09      8.13       193       640     0.548     0.385     0.409     0.435       2.7      2.33       1.6
    34/299     18.8G      3.02         3      2.08      8.11       224       640     0.546     0.391     0.412     0.438      2.69      2.33      1.59
    35/299     18.8G      3.02      2.99      2.08      8.09       301       640     0.541     0.395     0.414     0.439      2.69      2.32      1.58
    36/299     18.8G      3.02      2.99      2.07      8.08       216       640     0.538       0.4     0.416     0.441      2.68      2.31      1.57
    37/299     18.8G      3.01         3      2.06      8.07       208       640     0.533     0.405     0.419     0.444      2.67      2.31      1.56
    38/299     18.8G      3.01      2.99      2.05      8.05       213       640     0.531      0.41     0.421     0.446      2.67       2.3      1.55
    39/299     18.8G         3      2.99      2.05      8.05       176       640     0.529     0.414     0.423     0.448      2.66       2.3      1.54
    40/299     18.8G         3      2.99      2.04      8.03       309       640     0.526     0.416     0.425     0.449      2.66      2.29      1.53
    41/299     18.8G         3      2.99      2.04      8.02       189       640     0.524      0.42     0.427     0.451      2.65      2.29      1.52
    42/299     18.8G         3      2.99      2.04      8.02       231       640      0.52     0.424     0.429     0.453      2.65      2.28      1.52
    43/299     18.8G      2.99      2.97      2.03      7.99       226       640     0.519     0.427     0.431     0.454      2.64      2.28      1.51
    44/299     18.8G      2.99      2.98      2.02      7.99       250       640     0.515     0.428     0.432     0.454      2.64      2.27       1.5
    45/299     18.8G      2.99      2.98      2.02      7.99       208       640      0.51      0.43     0.433     0.454      2.63      2.27      1.49
    46/299     18.8G      2.98      2.98      2.01      7.97       186       640     0.508     0.433     0.434     0.455      2.63      2.27      1.49
    47/299     18.8G      2.98      2.98      2.01      7.97       133       640     0.506     0.435     0.436     0.456      2.62      2.27      1.48
    48/299     18.8G      2.98      2.97      2.01      7.95       229       640     0.505     0.438     0.437     0.457      2.62      2.26      1.48
    49/299     18.8G      2.97      2.97      1.99      7.94       156       640     0.503     0.439     0.438     0.457      2.62      2.26      1.47
    50/299     18.8G      2.97      2.97         2      7.93       248       640     0.502     0.442     0.439     0.458      2.61      2.26      1.47
    51/299     18.8G      2.96      2.96      1.99      7.92       258       640     0.499     0.445      0.44     0.459      2.61      2.25      1.46
    52/299     18.8G      2.96      2.96      1.99      7.91       204       640     0.498     0.448     0.442     0.461      2.61      2.25      1.46
    53/299     18.8G      2.96      2.95      1.98       7.9       193       640     0.498     0.451     0.443     0.462       2.6      2.25      1.45
    54/299     18.8G      2.96      2.97      1.98       7.9       231       640     0.497     0.452     0.444     0.463       2.6      2.25      1.44
    55/299     18.8G      2.96      2.96      1.98       7.9       225       640     0.496     0.455     0.445     0.464       2.6      2.25      1.44
    56/299     18.8G      2.95      2.96      1.96      7.87       202       640     0.497     0.457     0.446     0.465       2.6      2.24      1.43
    57/299     18.8G      2.95      2.96      1.97      7.88       317       640     0.495     0.458     0.447     0.465      2.59      2.24      1.43
    58/299     18.8G      2.95      2.95      1.96      7.85       297       640     0.493     0.458     0.448     0.465      2.59      2.24      1.43
    59/299     18.8G      2.95      2.96      1.96      7.87       236       640     0.492     0.461     0.449     0.466      2.59      2.24      1.42
    60/299     18.8G      2.94      2.94      1.96      7.84       304       640     0.492     0.462      0.45     0.466      2.59      2.23      1.42
    61/299     18.8G      2.94      2.95      1.96      7.85       191       640     0.492     0.464     0.451     0.467      2.58      2.23      1.41
    62/299     18.8G      2.93      2.96      1.95      7.84       237       640     0.491     0.465     0.452     0.468      2.58      2.23      1.41
    63/299     18.8G      2.93      2.95      1.94      7.83       179       640     0.488     0.466     0.452     0.468      2.58      2.23      1.41
    64/299     18.8G      2.93      2.94      1.94      7.81       229       640      0.49     0.468     0.453     0.469      2.58      2.23       1.4
    65/299     18.8G      2.93      2.95      1.94      7.83       195       640      0.49      0.47     0.454      0.47      2.58      2.23       1.4
    66/299     18.8G      2.93      2.95      1.93      7.81       217       640     0.489     0.471     0.454      0.47      2.57      2.22       1.4
    67/299     18.8G      2.93      2.94      1.93       7.8       267       640      0.49     0.473     0.455     0.472      2.57      2.22       1.4
    68/299     18.8G      2.92      2.95      1.94      7.81       131       640     0.488     0.473     0.455     0.471      2.57      2.22       1.4
    69/299     18.8G      2.92      2.94      1.92      7.78       277       640     0.486     0.473     0.455      0.47      2.57      2.22      1.39
    70/299     18.8G      2.92      2.94      1.92      7.78       299       640     0.484     0.473     0.456      0.47      2.57      2.22      1.39
    71/299     18.8G      2.91      2.93      1.92      7.77       240       640     0.487     0.475     0.456     0.472      2.57      2.22      1.39
    72/299     18.8G      2.91      2.94      1.92      7.77       161       640     0.486     0.475     0.457     0.472      2.56      2.22      1.38
    73/299     18.8G      2.92      2.94      1.91      7.77       167       640     0.485     0.477     0.458     0.473      2.56      2.22      1.38
    74/299     18.8G      2.91      2.92      1.91      7.74       270       640     0.486     0.479     0.459     0.474      2.56      2.21      1.38
    75/299     18.8G      2.91      2.94      1.91      7.76       224       640     0.484     0.479     0.459     0.474      2.56      2.21      1.38
    76/299     18.8G       2.9      2.93       1.9      7.73       218       640     0.483      0.48      0.46     0.474      2.56      2.21      1.37
    77/299     18.8G       2.9      2.93       1.9      7.73       182       640     0.485     0.482     0.461     0.476      2.55      2.21      1.37
    78/299     18.8G       2.9      2.93       1.9      7.73       226       640     0.482     0.484     0.461     0.475      2.55      2.21      1.37
    79/299     18.8G       2.9      2.93      1.89      7.72       228       640     0.484     0.485     0.462     0.476      2.55      2.21      1.37
    80/299     18.8G       2.9      2.93      1.89      7.71       270       640     0.485     0.486     0.463     0.477      2.55      2.21      1.37
    81/299     18.8G      2.89      2.92      1.88       7.7       306       640     0.484     0.486     0.463     0.477      2.55      2.21      1.36
    82/299     18.8G      2.89      2.93      1.88      7.71       166       640     0.481     0.486     0.464     0.476      2.55       2.2      1.36
    83/299     18.8G      2.89      2.92      1.88      7.69       158       640      0.48     0.488     0.464     0.476      2.55       2.2      1.36
    84/299     18.8G      2.89      2.93      1.88       7.7       266       640      0.48     0.487     0.464     0.476      2.54       2.2      1.36
    85/299     18.8G      2.89      2.92      1.87      7.68       200       640     0.479     0.487     0.464     0.475      2.54       2.2      1.36
    86/299     18.8G      2.89      2.91      1.87      7.67       223       640     0.478     0.489     0.464     0.476      2.54       2.2      1.35
    87/299     18.8G      2.88      2.91      1.87      7.67       196       640     0.479      0.49     0.465     0.477      2.54       2.2      1.35
    88/299     18.8G      2.88      2.91      1.87      7.66       193       640     0.479     0.491     0.465     0.478      2.54       2.2      1.35
    89/299     18.8G      2.88      2.91      1.86      7.64       211       640     0.478     0.493     0.467     0.478      2.54       2.2      1.35
    90/299     18.8G      2.87      2.92      1.86      7.65       211       640     0.478     0.493     0.468     0.478      2.54       2.2      1.34
    91/299     18.8G      2.87      2.91      1.85      7.64       222       640      0.48     0.495     0.469      0.48      2.54       2.2      1.34
    92/299     18.8G      2.87      2.92      1.85      7.65       276       640      0.48     0.496      0.47     0.481      2.53       2.2      1.34
    93/299     18.8G      2.87      2.91      1.85      7.63       228       640     0.479     0.497      0.47     0.481      2.53       2.2      1.34
    94/299     18.8G      2.87      2.91      1.84      7.62       276       640     0.477     0.497      0.47      0.48      2.53      2.19      1.33
    95/299     18.8G      2.87      2.91      1.85      7.63       274       640     0.477     0.496     0.471     0.479      2.53      2.19      1.33
    96/299     18.8G      2.86      2.91      1.84      7.61       172       640     0.477     0.496     0.471     0.479      2.53      2.19      1.33
    97/299     18.8G      2.86      2.91      1.84       7.6       332       640     0.478     0.497     0.472      0.48      2.53      2.19      1.33
    98/299     18.8G      2.86       2.9      1.84      7.59       268       640      0.48     0.498     0.472     0.482      2.53      2.19      1.33
    99/299     18.8G      2.85      2.91      1.84       7.6       203       640     0.479     0.498     0.473     0.482      2.53      2.19      1.32
   100/299     18.8G      2.85      2.91      1.83      7.59       299       640     0.479     0.498     0.474     0.482      2.52      2.19      1.32
   101/299     18.8G      2.85       2.9      1.83      7.59       195       640     0.491     0.501     0.475     0.484      2.52      2.19      1.32
   102/299     18.8G      2.85       2.9      1.82      7.57       223       640     0.489     0.501     0.475     0.484      2.52      2.19      1.32
   103/299     18.8G      2.85       2.9      1.82      7.57       212       640      0.49     0.502     0.476     0.485      2.52      2.19      1.32
   104/299     18.8G      2.85       2.9      1.82      7.56       217       640     0.489     0.502     0.475     0.484      2.52      2.19      1.32
   105/299     18.8G      2.85       2.9      1.82      7.57       201       640     0.489     0.502     0.476     0.484      2.52      2.18      1.31
   106/299     18.8G      2.84       2.9      1.81      7.55       238       640     0.489     0.502     0.477     0.485      2.52      2.18      1.31
   107/299     18.8G      2.84      2.89      1.81      7.55       213       640     0.476     0.502     0.476     0.482      2.51      2.18      1.31
   108/299     18.8G      2.84       2.9       1.8      7.55       250       640     0.476     0.502     0.476     0.482      2.51      2.18       1.3
   109/299     18.8G      2.83      2.89       1.8      7.53       221       640     0.475     0.501     0.476     0.481      2.51      2.18       1.3
   110/299     18.8G      2.83       2.9       1.8      7.53       323       640     0.477     0.503     0.477     0.483      2.51      2.18       1.3
   111/299     18.8G      2.83      2.89       1.8      7.51       191       640     0.477     0.505     0.477     0.484      2.51      2.18       1.3
   112/299     18.8G      2.83      2.89      1.79      7.51       185       640     0.477     0.505     0.477     0.484      2.51      2.18       1.3
   113/299     18.8G      2.83      2.89       1.8      7.52       158       640     0.477     0.506     0.478     0.485      2.51      2.18       1.3
   114/299     18.8G      2.83      2.89      1.79      7.51       166       640     0.477     0.507     0.479     0.486       2.5      2.18       1.3
   115/299     18.8G      2.82      2.89      1.78      7.49       180       640     0.477     0.508     0.479     0.485       2.5      2.18       1.3
   116/299     18.8G      2.82      2.88      1.78      7.48       223       640     0.479     0.509      0.48     0.487       2.5      2.18      1.29
   117/299     18.8G      2.82      2.87      1.77      7.47       147       640     0.479      0.51     0.481     0.488       2.5      2.18      1.29
   118/299     18.8G      2.82      2.88      1.77      7.47       261       640     0.476     0.509     0.481     0.486       2.5      2.18      1.29
   119/299     18.8G      2.82      2.88      1.78      7.47       239       640     0.476      0.51     0.481     0.487       2.5      2.17      1.29
   120/299     18.8G      2.81      2.88      1.77      7.46       248       640      0.49     0.513     0.482      0.49       2.5      2.17      1.28
   121/299     18.8G      2.81      2.88      1.76      7.45       258       640     0.478     0.512     0.482     0.489       2.5      2.17      1.28
   122/299     18.8G      2.81      2.88      1.75      7.44       224       640     0.478     0.514     0.483      0.49       2.5      2.17      1.28
   123/299     18.8G      2.81      2.88      1.76      7.45       266       640     0.477     0.514     0.484      0.49       2.5      2.17      1.28
   124/299     18.8G       2.8      2.88      1.76      7.44       196       640     0.491     0.517     0.486     0.494       2.5      2.17      1.28
   125/299     18.8G       2.8      2.87      1.75      7.43       278       640     0.491     0.517     0.486     0.493      2.49      2.17      1.28
   126/299     18.8G       2.8      2.87      1.75      7.42       225       640     0.492     0.517     0.486     0.494      2.49      2.17      1.28
   127/299     18.8G      2.79      2.87      1.75      7.41       250       640     0.491     0.517     0.486     0.493      2.49      2.17      1.28
   128/299     18.8G      2.79      2.86      1.74       7.4       232       640     0.478     0.516     0.486     0.491      2.49      2.17      1.27
   129/299     18.8G      2.79      2.87      1.74       7.4       225       640     0.491     0.518     0.487     0.494      2.49      2.17      1.27
   130/299     18.8G      2.79      2.87      1.74       7.4       204       640      0.49     0.517     0.487     0.493      2.49      2.16      1.27
   131/299     18.8G      2.79      2.86      1.74      7.39       216       640     0.489     0.519     0.488     0.494      2.49      2.16      1.27
   132/299     18.8G      2.78      2.86      1.74      7.38       260       640     0.488     0.519     0.488     0.493      2.49      2.16      1.27
   133/299     18.8G      2.79      2.87      1.72      7.38       171       640     0.488     0.519     0.488     0.493      2.48      2.16      1.27
   134/299     18.8G      2.78      2.87      1.73      7.38       241       640     0.488     0.519     0.489     0.493      2.48      2.16      1.26
   135/299     18.8G      2.78      2.86      1.72      7.36       197       640     0.487      0.52     0.489     0.493      2.48      2.16      1.26
   136/299     18.8G      2.78      2.86      1.72      7.35       193       640     0.486     0.519      0.49     0.492      2.48      2.16      1.26
   137/299     18.8G      2.77      2.87      1.72      7.35       188       640     0.488     0.521     0.491     0.494      2.48      2.16      1.26
   138/299     18.8G      2.77      2.86      1.71      7.35       239       640     0.489     0.522     0.491     0.495      2.48      2.16      1.26
   139/299     18.8G      2.77      2.86      1.71      7.34       199       640     0.489     0.522     0.491     0.494      2.48      2.16      1.25
   140/299     18.8G      2.77      2.85      1.71      7.33       205       640     0.487     0.523     0.492     0.494      2.48      2.16      1.25
   141/299     18.8G      2.76      2.85       1.7      7.32       207       640     0.489     0.523     0.492     0.495      2.47      2.16      1.25
   142/299     18.8G      2.76      2.86       1.7      7.32       217       640     0.491     0.525     0.493     0.497      2.47      2.16      1.25
   143/299     18.8G      2.76      2.85       1.7      7.31       252       640      0.49     0.526     0.494     0.497      2.47      2.16      1.24
   144/299     18.8G      2.76      2.85      1.69       7.3       218       640     0.492     0.528     0.493     0.499      2.47      2.16      1.24
   145/299     18.8G      2.76      2.85      1.68      7.29       222       640      0.49     0.528     0.494     0.498      2.47      2.15      1.24
   146/299     18.8G      2.76      2.85      1.69       7.3       231       640     0.489     0.528     0.494     0.497      2.47      2.15      1.24
   147/299     18.8G      2.75      2.85      1.68      7.28       320       640      0.49     0.528     0.494     0.498      2.47      2.15      1.24
   148/299     18.8G      2.74      2.84      1.67      7.26       174       640      0.49     0.529     0.494     0.499      2.47      2.15      1.24
   149/299     18.8G      2.75      2.85      1.68      7.27       179       640     0.477     0.527     0.493     0.496      2.47      2.15      1.23
   150/299     18.8G      2.74      2.84      1.67      7.26       219       640      0.49     0.529     0.495     0.499      2.46      2.15      1.23
   151/299     18.8G      2.74      2.83      1.66      7.24       221       640     0.488     0.531     0.495     0.499      2.46      2.15      1.23
   152/299     18.8G      2.74      2.84      1.66      7.24       228       640     0.476     0.529     0.494     0.497      2.46      2.15      1.23
   153/299     18.8G      2.74      2.84      1.66      7.23       176       640     0.477      0.53     0.495     0.497      2.46      2.15      1.23
   154/299     18.8G      2.74      2.83      1.66      7.23       189       640     0.489     0.532     0.496       0.5      2.46      2.15      1.23
   155/299     18.8G      2.73      2.83      1.66      7.22       201       640     0.487     0.532     0.497     0.499      2.46      2.15      1.22
   156/299     18.8G      2.73      2.83      1.65      7.21       226       640     0.488     0.533     0.497     0.499      2.46      2.15      1.22
   157/299     18.8G      2.73      2.83      1.65       7.2       271       640     0.487     0.534     0.497     0.499      2.46      2.15      1.22
   158/299     18.8G      2.72      2.83      1.65       7.2       195       640     0.487     0.534     0.497       0.5      2.46      2.14      1.22
   159/299     18.8G      2.73      2.83      1.64       7.2       244       640     0.488     0.536     0.499     0.501      2.45      2.14      1.22
   160/299     18.8G      2.72      2.83      1.64      7.18       274       640     0.489     0.537     0.499     0.502      2.45      2.14      1.21
   161/299     18.8G      2.72      2.82      1.64      7.18       193       640     0.488     0.536     0.499     0.501      2.45      2.14      1.21
   162/299     18.8G      2.71      2.82      1.62      7.16       281       640     0.489     0.538       0.5     0.502      2.45      2.14      1.21
   163/299     18.8G      2.71      2.82      1.62      7.15       188       640      0.49     0.538     0.501     0.503      2.45      2.14      1.21
   164/299     18.8G      2.71      2.83      1.62      7.15       190       640     0.491     0.539       0.5     0.504      2.45      2.14       1.2
   165/299     18.8G       2.7      2.82      1.61      7.13       178       640      0.49     0.539     0.501     0.504      2.45      2.14       1.2
   166/299     18.8G       2.7      2.82      1.61      7.13       210       640      0.49      0.54     0.501     0.504      2.44      2.14       1.2
   167/299     18.8G       2.7      2.81      1.61      7.13       168       640     0.492     0.541     0.502     0.505      2.44      2.14       1.2
   168/299     18.8G       2.7      2.81      1.61      7.12       280       640     0.492     0.542     0.502     0.506      2.44      2.14       1.2
   169/299     18.8G       2.7      2.82       1.6      7.12       221       640     0.492     0.542     0.502     0.505      2.44      2.14       1.2
   170/299     18.8G      2.69      2.81       1.6      7.11       216       640     0.492     0.543     0.503     0.506      2.44      2.14      1.19
   171/299     18.8G      2.69      2.81      1.59       7.1       264       640     0.491     0.542     0.503     0.506      2.44      2.14      1.19
   172/299     18.8G      2.69       2.8       1.6      7.09       263       640      0.49     0.543     0.503     0.505      2.44      2.13      1.19
   173/299     18.8G      2.69      2.81      1.59      7.08       281       640     0.491     0.544     0.503     0.506      2.44      2.13      1.19
   174/299     18.8G      2.68       2.8      1.59      7.08       303       640     0.491     0.544     0.504     0.507      2.44      2.13      1.19
   175/299     18.8G      2.68       2.8      1.58      7.07       231       640     0.491     0.544     0.504     0.506      2.44      2.13      1.19
   176/299     18.8G      2.68       2.8      1.57      7.05       219       640     0.493     0.545     0.505     0.508      2.44      2.13      1.19
   177/299     18.8G      2.68       2.8      1.57      7.05       246       640     0.489     0.544     0.504     0.505      2.43      2.13      1.19
   178/299     18.8G      2.67      2.81      1.56      7.05       250       640     0.489     0.546     0.505     0.506      2.43      2.13      1.18
   179/299     18.8G      2.67      2.79      1.57      7.03       250       640     0.487     0.547     0.506     0.506      2.43      2.13      1.18
   180/299     18.8G      2.67      2.79      1.55      7.02       235       640     0.488     0.547     0.507     0.506      2.43      2.13      1.18
   181/299     18.8G      2.67      2.79      1.56      7.01       189       640     0.488     0.548     0.508     0.506      2.43      2.13      1.18
   182/299     18.8G      2.66      2.79      1.56      7.01       239       640     0.489     0.547     0.509     0.507      2.43      2.13      1.18
   183/299     18.8G      2.66      2.79      1.55         7       229       640      0.49     0.548     0.509     0.508      2.43      2.13      1.17
   184/299     18.8G      2.66      2.78      1.54      6.98       152       640      0.49     0.549      0.51     0.508      2.43      2.13      1.17
   185/299     18.8G      2.65      2.78      1.54      6.98       231       640     0.489     0.549      0.51     0.508      2.43      2.13      1.17
   186/299     18.8G      2.65      2.79      1.54      6.98       280       640     0.489      0.55      0.51     0.508      2.42      2.12      1.17
   187/299     18.8G      2.65      2.79      1.53      6.97       177       640      0.49     0.551     0.511     0.509      2.42      2.12      1.17
   188/299     18.8G      2.64      2.78      1.53      6.95       226       640      0.49      0.55     0.511     0.509      2.42      2.12      1.17
   189/299     18.8G      2.64      2.78      1.52      6.94       303       640      0.49     0.552     0.511      0.51      2.42      2.12      1.17
   190/299     18.8G      2.64      2.78      1.52      6.95       224       640      0.49     0.552     0.511      0.51      2.42      2.12      1.17
   191/299     18.8G      2.64      2.77      1.52      6.92       214       640     0.489     0.552     0.511     0.509      2.42      2.12      1.16
   192/299     18.8G      2.64      2.77      1.51      6.92       196       640      0.49     0.553     0.511      0.51      2.42      2.12      1.16
   193/299     18.8G      2.63      2.78      1.52      6.92       216       640     0.489     0.554     0.512      0.51      2.42      2.12      1.16
   194/299     18.8G      2.63      2.77      1.51      6.92       307       640     0.488     0.555     0.512      0.51      2.41      2.12      1.16
   195/299     18.8G      2.63      2.77       1.5      6.89       223       640     0.489     0.555     0.513      0.51      2.41      2.12      1.16
   196/299     18.8G      2.62      2.78      1.49      6.89       237       640      0.49     0.557     0.513     0.511      2.41      2.12      1.16
   197/299     18.8G      2.62      2.76      1.49      6.87       224       640     0.488     0.555     0.512      0.51      2.41      2.12      1.16
   198/299     18.8G      2.62      2.76      1.48      6.86       271       640     0.488     0.554     0.513      0.51      2.41      2.12      1.16
   199/299     18.8G      2.62      2.76      1.48      6.86       245       640      0.49     0.556     0.513     0.511      2.41      2.12      1.15
   200/299     18.8G      2.61      2.76      1.47      6.85       386       640     0.489     0.557     0.514     0.511      2.41      2.12      1.15
   201/299     18.8G      2.61      2.76      1.48      6.85       202       640     0.489     0.557     0.515     0.512      2.41      2.11      1.15
   202/299     18.8G      2.61      2.74      1.47      6.83       217       640     0.489     0.558     0.515     0.513      2.41      2.11      1.15
   203/299     18.8G       2.6      2.76      1.47      6.83       181       640     0.489     0.558     0.515     0.513       2.4      2.11      1.15
   204/299     18.8G       2.6      2.76      1.47      6.83       217       640     0.489     0.558     0.516     0.512       2.4      2.11      1.15
   205/299     18.8G       2.6      2.75      1.46      6.81       211       640     0.488     0.556     0.516     0.511       2.4      2.11      1.15
   206/299     18.8G       2.6      2.75      1.45       6.8       178       640     0.487     0.558     0.516     0.512       2.4      2.11      1.15
   207/299     18.8G      2.59      2.74      1.45      6.79       157       640     0.487     0.558     0.516     0.512       2.4      2.11      1.14
   208/299     18.8G      2.59      2.75      1.44      6.79       251       640     0.488     0.559     0.516     0.513       2.4      2.11      1.14
   209/299     18.8G      2.59      2.74      1.44      6.77       197       640     0.488      0.56     0.517     0.514       2.4      2.11      1.14
   210/299     18.8G      2.58      2.74      1.44      6.77       225       640     0.488     0.559     0.517     0.513       2.4      2.11      1.14
   211/299     18.8G      2.58      2.73      1.44      6.75       198       640     0.489     0.561     0.517     0.515       2.4      2.11      1.14
   212/299     18.8G      2.58      2.73      1.42      6.73       192       640     0.489     0.561     0.518     0.514       2.4      2.11      1.14
   213/299     18.8G      2.58      2.73      1.43      6.73       261       640     0.489     0.562     0.518     0.515       2.4      2.11      1.13
   214/299     18.8G      2.57      2.73      1.42      6.72       219       640     0.489     0.562     0.519     0.515      2.39      2.11      1.13
   215/299     18.8G      2.57      2.72      1.41       6.7       232       640      0.49     0.563     0.519     0.516      2.39      2.11      1.13
   216/299     18.8G      2.57      2.72      1.41       6.7       165       640      0.49     0.562      0.52     0.515      2.39      2.11      1.13
   217/299     18.8G      2.56      2.73       1.4      6.69       230       640      0.49     0.562     0.521     0.516      2.39      2.11      1.13
   218/299     18.8G      2.56      2.73      1.41      6.69       224       640      0.49     0.563     0.521     0.516      2.39      2.11      1.12
   219/299     18.8G      2.55      2.72       1.4      6.68       173       640     0.489     0.563     0.521     0.516      2.39      2.11      1.12
   220/299     18.8G      2.55      2.72      1.39      6.67       279       640     0.489     0.564     0.522     0.517      2.39      2.11      1.12
   221/299     18.8G      2.55      2.72      1.39      6.66       175       640     0.489     0.564     0.522     0.517      2.39       2.1      1.12
   222/299     18.8G      2.55      2.71      1.39      6.64       281       640     0.488     0.566     0.522     0.517      2.39       2.1      1.12
   223/299     18.8G      2.54      2.72      1.39      6.65       220       640      0.49     0.565     0.522     0.518      2.39       2.1      1.12
   224/299     18.8G      2.54      2.71      1.38      6.62       245       640      0.49     0.566     0.523     0.518      2.39       2.1      1.12
   225/299     18.8G      2.54      2.71      1.37      6.61       230       640     0.488     0.565     0.523     0.517      2.38       2.1      1.11
   226/299     18.8G      2.53      2.71      1.37      6.61       210       640      0.49     0.566     0.524     0.518      2.38       2.1      1.11
   227/299     18.8G      2.53       2.7      1.36      6.59       254       640      0.49     0.566     0.524     0.519      2.38       2.1      1.11
   228/299     18.8G      2.52       2.7      1.36      6.58       210       640      0.49     0.566     0.525     0.518      2.38       2.1      1.11
   229/299     18.8G      2.53       2.7      1.36      6.59       306       640     0.491     0.566     0.525     0.519      2.38       2.1      1.11
   230/299     18.8G      2.52       2.7      1.35      6.57       170       640     0.489     0.566     0.525     0.518      2.38       2.1      1.11
   231/299     18.8G      2.52      2.69      1.34      6.55       245       640     0.489     0.567     0.525     0.519      2.38       2.1      1.11
   232/299     18.8G      2.51      2.69      1.34      6.55       292       640     0.491     0.568     0.526      0.52      2.38       2.1      1.11
   233/299     18.8G      2.51      2.68      1.34      6.53       213       640     0.491     0.569     0.526      0.52      2.38       2.1      1.11
   234/299     18.8G      2.51      2.68      1.34      6.52       197       640     0.492     0.568     0.526      0.52      2.38      2.09       1.1
   235/299     18.8G      2.51      2.68      1.33      6.52       214       640     0.492     0.569     0.527      0.52      2.38      2.09       1.1
   236/299     18.8G       2.5      2.68      1.32       6.5       322       640     0.491     0.568     0.528      0.52      2.37      2.09       1.1
   237/299     18.8G       2.5      2.68      1.32       6.5       282       640     0.492      0.57     0.528     0.522      2.37      2.09       1.1
   238/299     18.8G       2.5      2.67      1.31      6.48       181       640     0.491      0.57     0.528     0.521      2.37      2.09       1.1
   239/299     18.8G      2.49      2.68      1.31      6.48       267       640      0.49     0.571     0.528     0.521      2.37      2.09       1.1
   240/299     18.8G      2.49      2.68       1.3      6.47       228       640     0.489      0.57     0.528      0.52      2.37      2.09       1.1
   241/299     18.8G      2.49      2.68       1.3      6.46       198       640     0.489     0.569     0.527      0.52      2.37      2.09       1.1
   242/299     18.8G      2.48      2.67      1.29      6.44       219       640     0.488      0.57     0.527      0.52      2.37      2.09       1.1
   243/299     18.8G      2.48      2.66      1.29      6.43       142       640      0.49     0.571     0.528     0.521      2.37      2.09       1.1
   244/299     18.8G      2.48      2.66      1.29      6.43       205       640     0.491     0.572     0.528     0.522      2.37      2.09       1.1
   245/299     18.8G      2.48      2.67      1.28      6.43       228       640      0.49     0.572     0.528     0.521      2.37      2.09       1.1
   246/299     18.8G      2.47      2.66      1.28      6.41       179       640     0.489     0.571     0.528      0.52      2.36      2.09      1.09
   247/299     18.8G      2.47      2.66      1.28      6.41       271       640     0.488     0.572     0.528      0.52      2.36      2.09      1.09
   248/299     18.8G      2.47      2.65      1.27      6.39       225       640     0.489     0.573     0.529     0.521      2.36      2.09      1.09
   249/299     18.8G      2.46      2.64      1.27      6.37       246       640     0.489     0.572     0.529     0.521      2.36      2.09      1.09
   250/299     18.8G      2.46      2.64      1.26      6.35       201       640     0.491     0.573     0.529     0.522      2.36      2.09      1.09
   251/299     18.8G      2.45      2.64      1.26      6.36       161       640     0.493     0.574      0.53     0.523      2.36      2.08      1.09
   252/299     18.8G      2.45      2.65      1.25      6.35       200       640     0.493     0.574     0.532     0.523      2.36      2.08      1.09
   253/299     18.8G      2.45      2.64      1.25      6.34       232       640      0.49     0.575     0.532     0.523      2.36      2.08      1.09
   254/299     18.8G      2.45      2.63      1.24      6.32       307       640     0.489     0.575     0.533     0.523      2.36      2.08      1.09
   255/299     18.8G      2.44      2.63      1.24      6.31       165       640     0.488     0.574     0.533     0.522      2.36      2.08      1.09
   256/299     18.8G      2.44      2.63      1.24      6.31       188       640     0.488     0.574     0.533     0.522      2.36      2.08      1.08
   257/299     18.8G      2.44      2.63      1.23       6.3       185       640     0.494     0.575     0.534     0.525      2.36      2.08      1.08
   258/299     18.8G      2.43      2.64      1.22       6.3       256       640     0.494     0.576     0.535     0.525      2.35      2.08      1.08
   259/299     18.8G      2.43      2.63      1.22      6.28       214       640      0.49     0.575     0.534     0.524      2.35      2.08      1.08
   260/299     18.8G      2.43      2.62      1.22      6.27       193       640     0.488     0.575     0.533     0.523      2.35      2.08      1.08
   261/299     18.8G      2.43      2.63      1.22      6.27       247       640     0.488     0.574     0.533     0.522      2.35      2.08      1.08
   262/299     18.8G      2.42      2.62      1.21      6.26       224       640     0.486     0.574     0.532     0.522      2.35      2.08      1.08
   263/299     18.8G      2.42      2.62       1.2      6.24       282       640     0.486     0.574     0.532     0.522      2.35      2.08      1.08
   264/299     18.8G      2.42      2.62       1.2      6.24       223       640     0.487     0.575     0.533     0.522      2.35      2.08      1.08
   265/299     18.8G      2.41      2.61       1.2      6.23       323       640     0.485     0.575     0.533     0.522      2.35      2.08      1.08
   266/299     18.8G      2.41      2.62       1.2      6.22       232       640     0.484     0.575     0.533     0.521      2.35      2.08      1.08
   267/299     18.8G      2.41      2.61      1.19      6.21       195       640     0.483     0.574     0.533     0.521      2.35      2.08      1.09
   268/299     18.8G       2.4      2.61      1.19       6.2       235       640     0.483     0.574     0.533     0.521      2.35      2.08      1.09
   269/299     18.8G       2.4       2.6      1.18      6.19       233       640     0.483     0.576     0.533     0.522      2.35      2.08      1.09
   270/299     18.8G       2.4      2.61      1.18      6.19       184       640     0.485     0.577     0.534     0.523      2.35      2.08      1.08
   271/299     18.8G       2.4      2.61      1.18      6.18       315       640     0.485     0.577     0.534     0.523      2.35      2.08      1.08
   272/299     18.8G       2.4      2.61      1.17      6.18       176       640     0.485     0.577     0.535     0.523      2.35      2.08      1.08
   273/299     18.8G       2.4       2.6      1.17      6.16       276       640     0.486     0.577     0.535     0.523      2.34      2.08      1.08
   274/299     18.8G      2.39       2.6      1.16      6.15       242       640     0.486     0.578     0.535     0.524      2.34      2.08      1.08
   275/299     18.8G      2.39      2.59      1.16      6.15       239       640     0.485     0.577     0.535     0.523      2.34      2.08      1.08
   276/299     18.8G      2.39      2.59      1.16      6.14       252       640     0.485     0.577     0.536     0.523      2.34      2.08      1.08
   277/299     18.8G      2.39      2.59      1.15      6.13       243       640     0.485     0.577     0.536     0.523      2.34      2.08      1.08
   278/299     18.8G      2.38      2.59      1.15      6.13       219       640     0.486     0.578     0.536     0.524      2.34      2.08      1.08
   279/299     18.8G      2.38      2.59      1.15      6.13       229       640     0.485     0.578     0.536     0.523      2.34      2.08      1.08
   280/299     18.8G      2.38      2.58      1.14       6.1       294       640     0.497      0.58     0.537     0.526      2.34      2.08      1.08
   281/299     18.8G      2.38      2.58      1.14       6.1       249       640       0.5     0.581     0.537     0.527      2.34      2.07      1.08
   282/299     18.8G      2.37      2.57      1.14      6.09       262       640       0.5     0.582     0.537     0.528      2.34      2.08      1.08
   283/299     18.8G      2.37      2.58      1.14      6.09       300       640     0.501     0.583     0.537     0.529      2.34      2.08      1.08
   284/299     18.8G      2.38      2.59      1.14       6.1       319       640     0.502     0.583     0.537      0.53      2.34      2.08      1.08
   285/299     18.8G      2.37      2.57      1.13      6.07       168       640     0.488     0.582     0.536     0.527      2.34      2.08      1.08
   286/299     18.8G      2.37      2.57      1.13      6.07       265       640     0.487     0.581     0.537     0.526      2.34      2.08      1.07
   287/299     18.8G      2.37      2.58      1.13      6.08       247       640       0.5     0.583     0.538     0.528      2.34      2.07      1.07
   288/299     18.8G      2.37      2.58      1.13      6.07       207       640       0.5     0.583     0.538     0.529      2.34      2.07      1.07
   289/299     18.8G      2.36      2.58      1.12      6.06       224       640     0.501     0.583     0.538     0.529      2.34      2.07      1.07
   290/299     18.8G      2.36      2.58      1.12      6.06       255       640     0.502     0.583     0.539     0.529      2.34      2.07      1.07
   291/299     18.8G      2.36      2.57      1.12      6.05       226       640     0.502     0.582     0.539     0.529      2.34      2.07      1.07
   292/299     18.8G      2.36      2.57      1.12      6.05       173       640     0.502     0.582     0.539     0.529      2.34      2.07      1.07
   293/299     18.8G      2.36      2.58      1.12      6.06       181       640     0.502     0.583      0.54     0.529      2.34      2.07      1.07
