0 0.03671875 0.7340277777777778 0.07187500000000001 0.22083333333333335
0 0.87890625 0.6 0.2421875 0.4
0 0.342578125 0.28402777777777777 0.030468750000000003 0.18472222222222223
0 0.42695312500000004 0.18333333333333335 0.01171875 0.05555555555555556
0 0.459765625 0.17847222222222223 0.013281250000000001 0.04861111111111111
0 0.240234375 0.4951388888888889 0.07265625 0.1763888888888889
0 0.319921875 0.6993055555555556 0.21796875000000002 0.20416666666666666
0 0.495703125 0.5006944444444444 0.13359375 0.10972222222222222
0 0.29921875000000003 0.4916666666666667 0.010937500000000001 0.2111111111111111
0 0.5921875 0.6569444444444444 0.3359375 0.4527777777777778
