0 0.6393229166666666 0.7231481481481482 0.3130208333333333 0.32222222222222224
0 0.7692708333333333 0.3675925925925926 0.22083333333333333 0.3740740740740741
0 0.9911458333333333 0.4189814814814815 0.017708333333333333 0.09907407407407408
0 0.078125 0.46111111111111114 0.15208333333333332 0.07592592592592592
0 0.54296875 0.3768518518518519 0.0484375 0.06666666666666667
0 0.59765625 0.9453703703703704 0.059895833333333336 0.07962962962962963
0 0.2520833333333333 0.45555555555555555 0.09479166666666666 0.07407407407407407
0 0.3463541666666667 0.4240740740740741 0.078125 0.12222222222222223
0 0.43385416666666665 0.4046296296296297 0.0875 0.0962962962962963
0 0.6005208333333333 0.4101851851851852 0.022916666666666665 0.05
