0 0.90625 0.8138888888888889 0.184375 0.19166666666666668
0 0.591796875 0.8159722222222222 0.24296875 0.1736111111111111
0 0.434375 0.6006944444444444 0.5640625 0.3791666666666667
0 0.46640625 0.41944444444444445 0.043750000000000004 0.061111111111111116
0 0.32460937500000003 0.3840277777777778 0.017968750000000002 0.34305555555555556
0 0.060546875 0.5708333333333333 0.07265625 0.05
0 0.04296875 0.6395833333333334 0.084375 0.051388888888888894
0 0.59375 0.31736111111111115 0.015625 0.27083333333333337
0 0.938671875 0.5645833333333333 0.11640625 0.12638888888888888
0 0.9070312500000001 0.34305555555555556 0.045312500000000006 0.3111111111111111
0 0.535546875 0.2798611111111111 0.013281250000000001 0.10138888888888889
0 0.8269531250000001 0.6083333333333334 0.10078125 0.11666666666666667
0 0.77734375 0.7819444444444444 0.015625 0.18611111111111112
