0 0.30115830115830117 0.4175257731958763 0.2702702702702703 0.18556701030927836
0 0.6351351351351352 0.29896907216494845 0.16602316602316602 0.14432989690721648
0 0.722007722007722 0.43556701030927836 0.12355212355212356 0.12886597938144329
0 0.8455598455598455 0.6804123711340206 0.11583011583011583 0.061855670103092786
0 0.8474903474903475 0.7319587628865979 0.07335907335907337 0.030927835051546393
0 0.5154440154440154 0.5695876288659794 0.03474903474903475 0.10824742268041238
0 0.43822393822393824 0.5773195876288659 0.03474903474903475 0.1134020618556701
0 0.6332046332046333 0.5592783505154639 0.02316602316602317 0.11855670103092783
0 0.3223938223938224 0.5927835051546392 0.02702702702702703 0.1134020618556701
0 0.3204633204633205 0.7654639175257731 0.015444015444015444 0.11855670103092783
0 0.19111969111969113 0.6829896907216495 0.14285714285714285 0.33505154639175255
