0 0.309375 0.3368055555555556 0.021875000000000002 0.4375
0 0.18476562500000002 0.5027777777777778 0.10703125000000001 0.0638888888888889
0 0.034375 0.5770833333333334 0.0671875 0.059722222222222225
0 0.44765625000000003 0.3284722222222222 0.05 0.08472222222222223
0 0.42109375000000004 0.5506944444444445 0.5640625 0.3458333333333333
0 0.5769531250000001 0.7680555555555556 0.24140625000000002 0.15
0 0.8773437500000001 0.7493055555555556 0.1546875 0.15972222222222224
0 0.58046875 0.2826388888888889 0.010937500000000001 0.20694444444444446
0 0.524609375 0.24722222222222223 0.01015625 0.09166666666666667
0 0.90390625 0.38125000000000003 0.0734375 0.3902777777777778
0 0.76953125 0.4798611111111111 0.0234375 0.27083333333333337
0 0.045703125000000004 0.5090277777777777 0.08671875000000001 0.06527777777777778
0 0.7699218750000001 0.7534722222222222 0.032031250000000004 0.10416666666666667
0 0.42500000000000004 0.757638888888889 0.015625 0.03194444444444445
