0 0.42048517520215634 0.1875 0.1940700808625337 0.3014705882352941
0 0.18867924528301888 0.6544117647058824 0.07547169811320756 0.1764705882352941
0 0.46091644204851756 0.6397058823529411 0.05390835579514825 0.19117647058823528
0 0.8180592991913747 0.7573529411764706 0.01886792452830189 0.10294117647058823
0 0.3436657681940701 0.45955882352941174 0.03504043126684636 0.125
0 0.6738544474393532 0.46691176470588236 0.016172506738544475 0.08088235294117647
0 0.646900269541779 0.6948529411764706 0.07008086253369272 0.11029411764705882
0 0.7574123989218329 0.5514705882352942 0.0431266846361186 0.058823529411764705
0 0.2533692722371968 0.6948529411764706 0.03234501347708895 0.11029411764705882
0 0.4487870619946092 0.7904411764705882 0.02425876010781671 0.09558823529411764
0 0.28840970350404316 0.6948529411764706 0.01078167115902965 0.11029411764705882
