0 0.869140625 0.7611111111111112 0.21953125 0.19444444444444445
0 0.503125 0.5798611111111112 0.4 0.31527777777777777
0 0.312109375 0.3840277777777778 0.01171875 0.25416666666666665
0 0.040234375 0.59375 0.07734375 0.05416666666666667
0 0.448828125 0.33055555555555555 0.01015625 0.05277777777777778
0 0.551171875 0.1638888888888889 0.02421875 0.04166666666666667
0 0.20468750000000002 0.51875 0.0625 0.06527777777777778
0 0.7742187500000001 0.4236111111111111 0.034375 0.2111111111111111
0 0.925 0.5368055555555555 0.125 0.15416666666666667
0 0.06640625 0.5298611111111111 0.0578125 0.06527777777777778
0 0.6800781250000001 0.7625000000000001 0.041406250000000006 0.09166666666666667
0 0.48046875 0.7881944444444444 0.040625 0.034722222222222224
0 0.19140625 0.6840277777777778 0.09375 0.09583333333333334
