0 0.6153645833333333 0.6138888888888889 0.08072916666666667 0.04814814814814815
0 0.7296875 0.6560185185185186 0.040625 0.04537037037037037
0 0.9200520833333333 0.7194444444444444 0.04635416666666667 0.04814814814814815
0 0.7020833333333333 0.7986111111111112 0.041666666666666664 0.028703703703703703
0 0.4127604166666667 0.6203703703703703 0.04114583333333333 0.053703703703703705
0 0.3950520833333333 0.712962962962963 0.0390625 0.053703703703703705
0 0.31979166666666664 0.6689814814814815 0.022916666666666665 0.05092592592592593
0 0.3578125 0.5935185185185186 0.028125 0.016666666666666666
0 0.5479166666666666 0.7101851851851853 0.028125 0.0462962962962963
0 0.6080729166666666 0.687962962962963 0.028645833333333332 0.037037037037037035
0 0.60234375 0.774537037037037 0.030729166666666665 0.04166666666666667
0 0.3658854166666667 0.6481481481481481 0.04114583333333333 0.037037037037037035
0 0.5049479166666666 0.6953703703703704 0.0203125 0.037037037037037035
