0 0.3953125 0.5590277777777778 0.209375 0.5791666666666667
0 0.849609375 0.6666666666666667 0.06953125 0.05555555555555556
0 0.89609375 0.8277777777777778 0.065625 0.05
0 0.6921875000000001 0.8326388888888889 0.045312500000000006 0.05416666666666667
0 0.9695312500000001 0.6777777777777778 0.060937500000000006 0.08611111111111111
0 0.981640625 0.8986111111111111 0.03671875 0.03888888888888889
0 0.11875000000000001 0.7048611111111112 0.23593750000000002 0.40694444444444444
0 0.5593750000000001 0.8458333333333333 0.0625 0.02777777777777778
0 0.58203125 0.4222222222222222 0.0140625 0.23055555555555557
0 0.938671875 0.49097222222222225 0.01015625 0.12083333333333333
0 0.88828125 0.04861111111111111 0.0703125 0.08888888888888889
