0 0.5328125 0.19652777777777777 0.0390625 0.15694444444444444
0 0.315234375 0.3715277777777778 0.02421875 0.45972222222222225
0 0.04453125 0.5506944444444445 0.08750000000000001 0.12638888888888888
0 0.178125 0.5159722222222223 0.096875 0.051388888888888894
0 0.577734375 0.30833333333333335 0.01015625 0.24722222222222223
0 0.440234375 0.3506944444444445 0.055468750000000004 0.09305555555555556
0 0.385546875 0.5888888888888889 0.39921875 0.2638888888888889
0 0.64609375 0.5743055555555556 0.1171875 0.17916666666666667
0 0.8757812500000001 0.46944444444444444 0.21875 0.2777777777777778
0 0.7859375000000001 0.7319444444444445 0.384375 0.19722222222222224
0 0.520703125 0.7722222222222223 0.12109375 0.04722222222222222
0 0.431640625 0.7652777777777778 0.017968750000000002 0.025
