0 0.31093750000000003 0.3138888888888889 0.026562500000000003 0.48333333333333334
0 0.18828125 0.5118055555555556 0.0703125 0.05694444444444444
0 0.03515625 0.5868055555555556 0.06875 0.04861111111111111
0 0.890234375 0.7569444444444444 0.16953125000000002 0.20277777777777778
0 0.770703125 0.7416666666666667 0.02734375 0.15
0 0.42265625 0.5986111111111111 0.565625 0.25833333333333336
0 0.44960937500000003 0.3576388888888889 0.049218750000000006 0.08194444444444444
0 0.576171875 0.32222222222222224 0.12421875 0.2888888888888889
0 0.5808593750000001 0.7819444444444444 0.24296875 0.12222222222222223
0 0.8699218750000001 0.43333333333333335 0.21484375 0.33055555555555555
0 0.06484375 0.5097222222222222 0.059375000000000004 0.0638888888888889
0 0.428515625 0.7652777777777778 0.014843750000000001 0.02777777777777778
