0 0.189453125 0.6013888888888889 0.37734375000000003 0.55
0 0.80625 0.3993055555555556 0.1390625 0.1375
0 0.49843750000000003 0.29444444444444445 0.046875 0.0638888888888889
0 0.443359375 0.7076388888888889 0.05078125 0.07916666666666666
0 0.934765625 0.39513888888888893 0.05390625 0.04027777777777778
0 0.9859375 0.04722222222222222 0.025 0.07777777777777778
0 0.48945312500000004 0.7104166666666667 0.014843750000000001 0.034722222222222224
0 0.804296875 0.5444444444444445 0.10078125 0.13611111111111113
0 0.929296875 0.5506944444444445 0.13515625 0.05416666666666667
0 0.9328125 0.32916666666666666 0.043750000000000004 0.030555555555555558
