0 0.8359375 0.63125 0.1484375 0.30972222222222223
0 0.9851562500000001 0.6347222222222223 0.029687500000000002 0.26944444444444443
0 0.33203125 0.6854166666666667 0.23125 0.18472222222222223
0 0.037890625000000004 0.7881944444444444 0.07421875 0.08472222222222223
0 0.24570312500000002 0.4951388888888889 0.06484375 0.16805555555555557
0 0.433203125 0.17222222222222222 0.013281250000000001 0.06666666666666667
0 0.46484375 0.14652777777777778 0.0125 0.034722222222222224
0 0.815625 0.41597222222222224 0.034375 0.07083333333333333
0 0.539453125 0.5083333333333333 0.05390625 0.05277777777777778
0 0.040234375 0.6638888888888889 0.07890625000000001 0.058333333333333334
0 0.61328125 0.7194444444444444 0.2671875 0.3472222222222222
