0 0.43398437500000003 0.6152777777777778 0.27734375 0.4416666666666667
0 0.46210937500000004 0.16319444444444445 0.049218750000000006 0.29583333333333334
0 0.10390625 0.7069444444444445 0.19843750000000002 0.32222222222222224
0 0.8640625000000001 0.6770833333333334 0.134375 0.08194444444444444
0 0.697265625 0.83125 0.06328125 0.07361111111111111
0 0.6585937500000001 0.044444444444444446 0.07500000000000001 0.08611111111111111
0 0.9078125 0.044444444444444446 0.043750000000000004 0.08611111111111111
0 0.8953125000000001 0.7319444444444445 0.209375 0.25277777777777777
0 0.976171875 0.9097222222222222 0.047656250000000004 0.030555555555555558
0 0.55 0.11875000000000001 0.034375 0.13194444444444445
0 0.890625 0.23680555555555557 0.025 0.10972222222222222
