0 0.22615131578947367 0.5687134502923976 0.2220394736842105 0.8625730994152047
0 0.4481907894736842 0.706140350877193 0.07730263157894736 0.2777777777777778
0 0.9605263157894737 0.5394736842105263 0.07894736842105263 0.26608187134502925
0 0.8125 0.817251461988304 0.03618421052631579 0.1783625730994152
0 0.9210526315789473 0.804093567251462 0.0756578947368421 0.18128654970760233
0 0.6496710526315789 0.37573099415204675 0.03618421052631579 0.05555555555555555
0 0.7154605263157894 0.6169590643274854 0.09868421052631579 0.3684210526315789
0 0.0962171052631579 0.4400584795321637 0.07072368421052631 0.22514619883040934
0 0.09375 0.6681286549707602 0.02631578947368421 0.05555555555555555
0 0.8462171052631579 0.7032163742690059 0.014802631578947368 0.02631578947368421
