0 0.6057291666666667 0.31712962962962965 0.017708333333333333 0.39351851851851855
0 0.8424479166666666 0.027314814814814816 0.0421875 0.04722222222222222
0 0.46822916666666664 0.06342592592592593 0.040625 0.05092592592592593
0 0.40520833333333334 0.825462962962963 0.265625 0.10833333333333334
0 0.8864583333333333 0.6689814814814815 0.04791666666666666 0.2712962962962963
0 0.27057291666666666 0.5166666666666667 0.034895833333333334 0.053703703703703705
0 0.2786458333333333 0.28055555555555556 0.09270833333333334 0.04259259259259259
0 0.684375 0.7949074074074074 0.2875 0.18611111111111112
0 0.9869791666666666 0.7791666666666667 0.026041666666666668 0.04537037037037037
0 0.621875 0.018518518518518517 0.02395833333333333 0.031481481481481485
