0 0.7666666666666666 0.33796296296296297 0.234375 0.3092592592592593
0 0.9919270833333333 0.4277777777777778 0.01614583333333333 0.11481481481481481
0 0.6619791666666667 0.7490740740740741 0.2760416666666667 0.35000000000000003
0 0.05130208333333333 0.4638888888888889 0.1015625 0.08703703703703704
0 0.9908854166666666 0.42638888888888893 0.018229166666666668 0.11944444444444445
0 0.596875 0.40555555555555556 0.01875 0.03888888888888889
0 0.14869791666666665 0.44583333333333336 0.08177083333333333 0.09166666666666667
0 0.26927083333333335 0.43333333333333335 0.08229166666666667 0.13333333333333333
0 0.3416666666666667 0.3680555555555556 0.10625 0.23055555555555557
0 0.43776041666666665 0.39490740740740743 0.07447916666666667 0.10648148148148148
