0 0.9015444015444015 0.6185567010309279 0.05791505791505792 0.05154639175257732
0 0.6853281853281853 0.18298969072164947 0.11969111969111969 0.08762886597938144
0 0.3030888030888031 0.30670103092783507 0.24324324324324326 0.15979381443298968
0 0.43050193050193053 0.5051546391752577 0.02702702702702703 0.1134020618556701
0 0.5173745173745173 0.4922680412371134 0.03088803088803089 0.12886597938144329
0 0.305019305019305 0.5257731958762887 0.03088803088803089 0.13402061855670103
0 0.8281853281853282 0.5979381443298969 0.04247104247104247 0.061855670103092786
0 0.2335907335907336 0.5283505154639175 0.019305019305019305 0.11855670103092783
0 0.5656370656370656 0.2422680412371134 0.04247104247104247 0.09278350515463918
0 0.8822393822393823 0.6701030927835051 0.0501930501930502 0.030927835051546393
0 0.9401544401544402 0.6855670103092784 0.019305019305019305 0.030927835051546393
