0 0.9514802631578947 0.577485380116959 0.09703947368421052 0.20760233918128654
0 0.9210526315789473 0.7997076023391813 0.0756578947368421 0.16666666666666666
0 0.24342105263157893 0.6081871345029239 0.2138157894736842 0.783625730994152
0 0.08634868421052631 0.5190058479532164 0.03125 0.13157894736842105
0 0.1069078947368421 0.6461988304093567 0.03618421052631579 0.0935672514619883
0 0.08305921052631579 0.7383040935672515 0.03782894736842105 0.06140350877192982
0 0.6891447368421052 0.5526315789473684 0.14802631578947367 0.47953216374269003
0 0.8486842105263157 0.6184210526315789 0.01644736842105263 0.06140350877192982
0 0.8223684210526315 0.804093567251462 0.049342105263157895 0.14035087719298245
0 0.5633223684210527 0.9619883040935672 0.041118421052631575 0.07602339181286549
0 0.7508223684210525 0.8450292397660818 0.014802631578947368 0.04678362573099415
