0 0.444921875 0.61875 0.30859375 0.39305555555555555
0 0.8984375 0.052083333333333336 0.05625 0.07361111111111111
0 0.846875 0.6784722222222223 0.0703125 0.05694444444444444
0 0.87265625 0.8277777777777778 0.153125 0.08333333333333334
0 0.9753906250000001 0.7368055555555556 0.049218750000000006 0.1763888888888889
0 0.691015625 0.8375 0.06484375 0.08055555555555556
0 0.547265625 0.84375 0.032031250000000004 0.051388888888888894
0 0.162890625 0.3736111111111111 0.014843750000000001 0.19166666666666668
0 0.109375 0.71875 0.2171875 0.33472222222222225
0 0.884765625 0.25069444444444444 0.01640625 0.14305555555555557
0 0.4609375 0.2013888888888889 0.029687500000000002 0.17500000000000002
