0 0.974609375 0.7319444444444445 0.05078125 0.25833333333333336
0 0.696484375 0.8548611111111112 0.06953125 0.06805555555555556
0 0.56015625 0.8562500000000001 0.053125000000000006 0.034722222222222224
0 0.10429687500000001 0.6951388888888889 0.20703125 0.3125
0 0.47187500000000004 0.18541666666666667 0.060937500000000006 0.18472222222222223
0 0.669921875 0.04722222222222222 0.08203125 0.08611111111111111
0 0.915234375 0.04791666666666667 0.049218750000000006 0.08194444444444444
0 0.5546875 0.13680555555555557 0.029687500000000002 0.059722222222222225
0 0.185546875 0.3055555555555556 0.02109375 0.036111111111111115
0 0.46210937500000004 0.6298611111111111 0.31640625 0.2152777777777778
0 0.98203125 0.9319444444444445 0.035937500000000004 0.03888888888888889
0 0.8851562500000001 0.6888888888888889 0.109375 0.06944444444444445
