0 0.31093750000000003 0.3138888888888889 0.018750000000000003 0.3805555555555556
0 0.362109375 0.6361111111111112 0.44140625 0.16944444444444445
0 0.61640625 0.7805555555555556 0.153125 0.11111111111111112
0 0.86328125 0.7569444444444444 0.215625 0.16666666666666669
0 0.5265625 0.2125 0.035937500000000004 0.125
0 0.5789062500000001 0.36458333333333337 0.0171875 0.20416666666666666
0 0.45703125 0.34652777777777777 0.025 0.05416666666666667
0 0.037109375 0.5944444444444444 0.07109375 0.04166666666666667
0 0.19101562500000002 0.5104166666666667 0.09296875 0.06527777777777778
0 0.061328125000000004 0.5118055555555556 0.04609375 0.04861111111111111
0 0.589453125 0.19583333333333333 0.041406250000000006 0.044444444444444446
0 0.9222656250000001 0.5243055555555556 0.10703125000000001 0.12361111111111112
