0 0.30898437500000003 0.3229166666666667 0.01640625 0.33194444444444443
0 0.032031250000000004 0.5805555555555556 0.059375000000000004 0.05555555555555556
0 0.42265625 0.6013888888888889 0.5390625 0.24166666666666667
0 0.569921875 0.7895833333333334 0.23828125 0.07916666666666666
0 0.76484375 0.7458333333333333 0.0203125 0.11666666666666667
0 0.8718750000000001 0.7270833333333334 0.1390625 0.14027777777777778
0 0.529296875 0.17222222222222222 0.04296875 0.05555555555555556
0 0.575390625 0.33263888888888893 0.01640625 0.30972222222222223
0 0.1953125 0.5131944444444445 0.09843750000000001 0.04027777777777778
0 0.8640625000000001 0.5 0.21250000000000002 0.21944444444444444
0 0.0578125 0.51875 0.046875 0.06527777777777778
