0 0.335546875 0.31527777777777777 0.06953125 0.12222222222222223
0 0.43867187500000004 0.6513888888888889 0.28828125 0.39722222222222225
0 0.851171875 0.6590277777777778 0.09765625 0.09027777777777778
0 0.87421875 0.826388888888889 0.134375 0.08333333333333334
0 0.9714843750000001 0.7118055555555556 0.057031250000000006 0.17916666666666667
0 0.681640625 0.8305555555555556 0.05234375 0.08333333333333334
0 0.115234375 0.7347222222222223 0.22890625 0.3027777777777778
0 0.184375 0.25 0.0484375 0.11944444444444445
0 0.886328125 0.050694444444444445 0.08203125 0.08472222222222223
0 0.9792968750000001 0.9125000000000001 0.041406250000000006 0.05
