0 0.346484375 0.5437500000000001 0.02109375 0.3180555555555556
0 0.4609375 0.6763888888888889 0.553125 0.525
0 0.057031250000000006 0.763888888888889 0.1078125 0.11666666666666667
0 0.2421875 0.7131944444444445 0.1046875 0.0763888888888889
0 0.923046875 0.9458333333333334 0.15390625000000002 0.10833333333333334
0 0.9285156250000001 0.42847222222222225 0.04453125 0.1875
0 0.9640625 0.7479166666666667 0.07187500000000001 0.08194444444444444
0 0.6121093750000001 0.4534722222222222 0.01640625 0.2513888888888889
0 0.56953125 0.4361111111111111 0.045312500000000006 0.11666666666666667
0 0.484375 0.5597222222222222 0.053125000000000006 0.08055555555555556
0 0.66171875 0.9500000000000001 0.14375000000000002 0.1
