0 0.7151310228233305 0.6945337620578778 0.19611158072696533 0.29260450160771706
0 0.8846153846153846 0.8665594855305466 0.12595097210481826 0.26366559485530544
0 0.46280642434488584 0.7684887459807074 0.20033812341504648 0.1414790996784566
0 0.07185122569737953 0.819935691318328 0.14201183431952663 0.2379421221864952
0 0.49070160608622143 0.5112540192926045 0.039729501267962805 0.06752411575562701
0 0.5397295012679628 0.612540192926045 0.014370245139475908 0.06109324758842444
0 0.415469146238377 0.4196141479099678 0.021132713440405747 0.04823151125401929
0 0.2967032967032967 0.8006430868167203 0.025359256128486895 0.03536977491961415
0 0.27007607776838544 0.7122186495176849 0.014370245139475908 0.028938906752411574
0 0.42096365173288247 0.6302250803858521 0.008453085376162298 0.03536977491961415
