0 0.30976562500000004 0.3451388888888889 0.017968750000000002 0.35694444444444445
0 0.8816406250000001 0.7277777777777779 0.14765625000000002 0.15555555555555556
0 0.6171875 0.7840277777777778 0.1484375 0.10972222222222222
0 0.577734375 0.3229166666666667 0.014843750000000001 0.29305555555555557
0 0.27109375 0.63125 0.265625 0.19583333333333333
0 0.5242187500000001 0.22708333333333333 0.0171875 0.11527777777777778
0 0.453125 0.34861111111111115 0.0484375 0.0638888888888889
0 0.8859375 0.3236111111111111 0.03125 0.09444444444444444
0 0.195703125 0.5027777777777778 0.07421875 0.08055555555555556
0 0.034765625 0.5861111111111111 0.06484375 0.030555555555555558
0 0.553125 0.59375 0.2828125 0.24861111111111112
