0 0.7328125000000001 0.7041666666666667 0.33906250000000004 0.11666666666666667
0 0.394140625 0.6291666666666667 0.34453125 0.26666666666666666
0 0.042578125 0.7819444444444444 0.07109375 0.09444444444444444
0 0.04609375 0.6708333333333334 0.065625 0.05
0 0.43515625 0.2 0.015625 0.1277777777777778
0 0.46796875000000004 0.17777777777777778 0.0125 0.09166666666666667
0 0.6707031250000001 0.5854166666666667 0.07578125000000001 0.10972222222222222
0 0.986328125 0.6236111111111111 0.02734375 0.24444444444444446
0 0.858984375 0.5847222222222223 0.09453125000000001 0.11944444444444445
0 0.248046875 0.4625 0.057031250000000006 0.0638888888888889
0 0.5144531250000001 0.8159722222222222 0.05390625 0.09305555555555556
