0 0.029687500000000002 0.5826388888888889 0.05625 0.06527777777777778
0 0.31171875000000004 0.37986111111111115 0.015625 0.40694444444444444
0 0.20429687500000002 0.50625 0.10390625 0.06805555555555556
0 0.8601562500000001 0.7291666666666667 0.203125 0.15833333333333333
0 0.614453125 0.7847222222222222 0.16953125000000002 0.06944444444444445
0 0.6023437500000001 0.5354166666666667 0.20468750000000002 0.26805555555555555
0 0.400390625 0.6618055555555555 0.16484375 0.12638888888888888
0 0.547265625 0.1590277777777778 0.030468750000000003 0.0625
0 0.5750000000000001 0.2833333333333333 0.0078125 0.2
0 0.44609375 0.3458333333333333 0.045312500000000006 0.08055555555555556
0 0.0625 0.5208333333333334 0.05 0.058333333333333334
0 0.956640625 0.5076388888888889 0.049218750000000006 0.1486111111111111
0 0.30117187500000003 0.12152777777777778 0.013281250000000001 0.09583333333333334
0 0.52265625 0.26458333333333334 0.010937500000000001 0.051388888888888894
0 0.178515625 0.6479166666666667 0.06171875 0.029166666666666667
0 0.258984375 0.7000000000000001 0.11171875 0.0638888888888889
