0 0.53203125 0.8546296296296296 0.13802083333333334 0.15185185185185185
0 0.8666666666666667 0.11481481481481481 0.02395833333333333 0.02962962962962963
0 0.8627604166666667 0.1712962962962963 0.0359375 0.03518518518518519
0 0.3 0.5939814814814816 0.04791666666666666 0.06018518518518519
0 0.4731770833333333 0.11712962962962964 0.05677083333333333 0.09537037037037037
0 0.6419270833333334 0.05092592592592593 0.01614583333333333 0.05555555555555556
0 0.2638020833333333 0.26342592592592595 0.0296875 0.021296296296296296
0 0.9072916666666666 0.6069444444444445 0.02395833333333333 0.058333333333333334
0 0.26171875 0.30092592592592593 0.0546875 0.02962962962962963
0 0.39609375 0.35000000000000003 0.018229166666666668 0.05555555555555556
0 0.7403645833333333 0.8324074074074075 0.021354166666666667 0.053703703703703705
