0 0.5059895833333333 0.39537037037037037 0.0109375 0.17222222222222222
0 0.53984375 0.6319444444444444 0.08385416666666666 0.05092592592592593
0 0.66015625 0.3726851851851852 0.0390625 0.06944444444444445
0 0.9161458333333333 0.37777777777777777 0.015625 0.022222222222222223
0 0.6302083333333334 0.3037037037037037 0.017708333333333333 0.02777777777777778
0 0.6575520833333334 0.23750000000000002 0.011979166666666666 0.02314814814814815
0 0.6783854166666666 0.3050925925925926 0.01614583333333333 0.028703703703703703
0 0.8643229166666666 0.47222222222222227 0.015104166666666667 0.031481481481481485
0 0.16692708333333334 0.6273148148148149 0.0171875 0.019444444444444445
0 0.56484375 0.5666666666666667 0.027604166666666666 0.05185185185185186
0 0.6291666666666667 0.46574074074074073 0.01875 0.031481481481481485
0 0.66484375 0.4861111111111111 0.022395833333333334 0.06481481481481481
0 0.7328125 0.5750000000000001 0.13020833333333334 0.14444444444444446
