0 0.06848958333333333 0.47361111111111115 0.0671875 0.04166666666666667
0 0.6669270833333333 0.7328703703703704 0.26197916666666665 0.2935185185185185
0 0.36171875 0.4444444444444445 0.043229166666666666 0.05
0 0.45078124999999997 0.4185185185185185 0.0359375 0.05
0 0.2671875 0.4638888888888889 0.041666666666666664 0.0462962962962963
0 0.30546875 0.3597222222222222 0.018229166666666668 0.06018518518518519
0 0.7783854166666666 0.34490740740740744 0.2140625 0.3731481481481482
0 0.4231770833333333 0.3611111111111111 0.025520833333333333 0.05185185185185186
0 0.14661458333333333 0.46990740740740744 0.033854166666666664 0.04351851851851852
0 0.49583333333333335 0.5958333333333333 0.01875 0.06574074074074074
0 0.5888020833333333 0.9597222222222223 0.034895833333333334 0.030555555555555558
0 0.9919270833333333 0.4337962962962963 0.01614583333333333 0.1287037037037037
