0 0.7335526315789473 0.7207602339181286 0.10855263157894736 0.283625730994152
0 0.48684210526315785 0.7251461988304093 0.24342105263157893 0.18128654970760233
0 0.5049342105263157 0.9195906432748537 0.0625 0.1608187134502924
0 0.8939144736842105 0.6330409356725146 0.014802631578947368 0.07309941520467836
0 0.24013157894736842 0.7441520467836257 0.05921052631578947 0.09064327485380116
0 0.3733552631578947 0.9210526315789473 0.125 0.15789473684210525
0 0.7689144736842105 0.5570175438596491 0.018092105263157895 0.043859649122807015
0 0.48355263157894735 0.5190058479532164 0.02631578947368421 0.02631578947368421
0 0.5764802631578947 0.9181286549707601 0.04769736842105263 0.13450292397660818
0 0.334703947368421 0.7368421052631579 0.05756578947368421 0.12280701754385964
