0 0.6833333333333333 0.7212962962962963 0.18333333333333332 0.2888888888888889
0 0.7888020833333333 0.3194444444444445 0.17864583333333334 0.26481481481481484
0 0.9885416666666667 0.4324074074074074 0.022916666666666665 0.11481481481481481
0 0.3463541666666667 0.40925925925925927 0.05416666666666667 0.0962962962962963
0 0.051041666666666666 0.46990740740740744 0.0875 0.036111111111111115
0 0.58828125 0.39166666666666666 0.015104166666666667 0.02777777777777778
0 0.21901041666666665 0.4449074074074074 0.0203125 0.04537037037037037
0 0.5013020833333334 0.7490740740740741 0.12760416666666666 0.11296296296296297
0 0.26901041666666664 0.4712962962962963 0.015104166666666667 0.031481481481481485
0 0.13463541666666667 0.4532407407407408 0.024479166666666666 0.062037037037037036
