0 0.8871093750000001 0.7520833333333333 0.16796875 0.18472222222222223
0 0.30781250000000004 0.3145833333333333 0.0234375 0.47361111111111115
0 0.5281250000000001 0.31666666666666665 0.03125 0.3055555555555556
0 0.18085937500000002 0.4951388888888889 0.11328125 0.08472222222222223
0 0.034375 0.5909722222222222 0.0671875 0.04861111111111111
0 0.040625 0.5145833333333334 0.07968750000000001 0.05694444444444444
0 0.483984375 0.5722222222222223 0.43046875 0.24166666666666667
0 0.446875 0.3479166666666667 0.060937500000000006 0.10972222222222222
0 0.575390625 0.31527777777777777 0.01640625 0.2777777777777778
0 0.20546875 0.6652777777777779 0.125 0.10555555555555556
0 0.8609375 0.40555555555555556 0.209375 0.34444444444444444
0 0.605078125 0.7645833333333334 0.17890625000000002 0.12361111111111112
0 0.919140625 0.04861111111111111 0.03515625 0.09166666666666667
0 0.7679687500000001 0.7375 0.026562500000000003 0.13333333333333333
0 0.6214843750000001 0.4104166666666667 0.02421875 0.0763888888888889
