0 0.9226973684210525 0.6403508771929824 0.15460526315789472 0.3508771929824561
0 0.17763157894736842 0.5277777777777778 0.23355263157894735 0.7046783625730993
0 0.591282894736842 0.7222222222222222 0.15296052631578946 0.32748538011695905
0 0.4506578947368421 0.7324561403508771 0.09868421052631579 0.30116959064327486
0 0.7277960526315789 0.783625730994152 0.044407894736842105 0.19298245614035087
0 0.794407894736842 0.7909356725146198 0.05921052631578947 0.1023391812865497
0 0.03207236842105263 0.2222222222222222 0.05098684210526316 0.1871345029239766
0 0.024671052631578948 0.46929824561403505 0.046052631578947366 0.15497076023391812
0 0.029605263157894735 0.7441520467836257 0.05592105263157894 0.195906432748538
0 0.34786184210526316 0.7324561403508771 0.09046052631578946 0.3187134502923976
0 0.5435855263157895 0.4049707602339181 0.044407894736842105 0.12573099415204678
