0 0.20476973684210525 0.6578947368421052 0.3042763157894737 0.6842105263157894
0 0.7228618421052632 0.567251461988304 0.11019736842105263 0.43859649122807015
0 0.990953947368421 0.41081871345029236 0.018092105263157895 0.13157894736842105
0 0.9383223684210525 0.5804093567251462 0.03453947368421052 0.16666666666666666
0 0.8264802631578947 0.804093567251462 0.05756578947368421 0.2046783625730994
0 0.8371710526315789 0.6213450292397661 0.019736842105263157 0.06725146198830409
0 0.08963815789473684 0.22807017543859648 0.024671052631578948 0.0935672514619883
0 0.9210526315789473 0.7967836257309941 0.0625 0.16666666666666666
0 0.4481907894736842 0.706140350877193 0.07401315789473684 0.3070175438596491
0 0.984375 0.611111111111111 0.024671052631578948 0.11695906432748537
0 0.584703947368421 0.7192982456140351 0.018092105263157895 0.18128654970760233
