0 0.7630208333333334 0.32962962962962966 0.23229166666666667 0.2574074074074074
0 0.3458333333333333 0.437962962962963 0.053125 0.08703703703703704
0 0.05703125 0.4708333333333333 0.10052083333333334 0.05092592592592593
0 0.64765625 0.7199074074074074 0.2505208333333333 0.2953703703703704
0 0.9877604166666667 0.4388888888888889 0.024479166666666666 0.12407407407407407
0 0.13307291666666665 0.45740740740740743 0.04010416666666666 0.037037037037037035
0 0.2669270833333333 0.46481481481481485 0.018229166666666668 0.02592592592592593
0 0.4359375 0.42129629629629634 0.05625 0.037037037037037035
0 0.8268229166666666 0.6189814814814815 0.0140625 0.04166666666666667
0 0.6791666666666667 0.9476851851851852 0.01875 0.05092592592592593
