0 0.39609375 0.59375 0.20468750000000002 0.2763888888888889
0 0.10859375 0.70625 0.21406250000000002 0.2986111111111111
0 0.94921875 0.7270833333333334 0.1015625 0.19583333333333333
0 0.4625 0.09375 0.03125 0.05694444444444444
0 0.9027343750000001 0.05 0.049218750000000006 0.08888888888888889
0 0.88828125 0.24444444444444446 0.015625 0.13611111111111113
0 0.83359375 0.6833333333333333 0.028125 0.061111111111111116
0 0.8699218750000001 0.8194444444444445 0.047656250000000004 0.08333333333333334
0 0.96796875 0.9125000000000001 0.028125 0.036111111111111115
0 0.6976562500000001 0.8375 0.0484375 0.058333333333333334
0 0.6566406250000001 0.04861111111111111 0.07109375 0.09166666666666667
0 0.46406250000000004 0.8402777777777778 0.028125 0.022222222222222223
