0 0.30781250000000004 0.2798611111111111 0.018750000000000003 0.40694444444444444
0 0.50625 0.5673611111111111 0.39375000000000004 0.31527777777777777
0 0.5320312500000001 0.1625 0.037500000000000006 0.06666666666666667
0 0.5734375 0.275 0.0125 0.21944444444444444
0 0.4546875 0.3479166666666667 0.015625 0.02638888888888889
0 0.432421875 0.3791666666666667 0.025781250000000002 0.030555555555555558
0 0.041406250000000006 0.5486111111111112 0.07968750000000001 0.11944444444444445
0 0.20546875 0.5083333333333333 0.09843750000000001 0.05
0 0.8617187500000001 0.7458333333333333 0.21250000000000002 0.17222222222222222
0 0.587109375 0.7805555555555556 0.22109375 0.12222222222222223
0 0.8695312500000001 0.4638888888888889 0.22031250000000002 0.2777777777777778
0 0.99375 0.7083333333333334 0.0125 0.04166666666666667
0 0.225 0.6708333333333334 0.1765625 0.11666666666666667
0 0.5183593750000001 0.2590277777777778 0.013281250000000001 0.10138888888888889
0 0.620703125 0.2152777777777778 0.00859375 0.02777777777777778
