0 0.8434895833333333 0.3675925925925926 0.0765625 0.22962962962962963
0 0.9927083333333333 0.42685185185185187 0.014583333333333334 0.11296296296296297
0 0.6434895833333333 0.7277777777777779 0.2828125 0.3666666666666667
0 0.01953125 0.43842592592592594 0.0359375 0.10833333333333334
0 0.7338541666666667 0.3712962962962963 0.125 0.1277777777777778
0 0.3924479166666667 0.41712962962962963 0.17135416666666667 0.12314814814814816
0 0.13463541666666667 0.45092592592592595 0.03177083333333333 0.07222222222222223
0 0.5973958333333333 0.39675925925925926 0.013541666666666667 0.032407407407407406
0 0.06901041666666667 0.4712962962962963 0.04739583333333333 0.03518518518518519
0 0.22135416666666666 0.4513888888888889 0.017708333333333333 0.036111111111111115
