0 0.87109375 0.6666666666666667 0.096875 0.05277777777777778
0 0.9812500000000001 0.6666666666666667 0.037500000000000006 0.08333333333333334
0 0.8753906250000001 0.8236111111111112 0.05390625 0.07222222222222223
0 0.6976562500000001 0.8361111111111111 0.059375000000000004 0.04166666666666667
0 0.181640625 0.25833333333333336 0.030468750000000003 0.11944444444444445
0 0.439453125 0.5479166666666667 0.31015625 0.6125
0 0.8968750000000001 0.04513888888888889 0.0546875 0.07916666666666666
0 0.896484375 0.225 0.02890625 0.10833333333333334
0 0.9808593750000001 0.9097222222222222 0.03828125 0.04166666666666667
0 0.114453125 0.7465277777777778 0.22734375 0.3402777777777778
