0 0.31015625 0.35694444444444445 0.010937500000000001 0.33611111111111114
0 0.526953125 0.20694444444444446 0.02109375 0.13333333333333333
0 0.032421875 0.5881944444444445 0.057031250000000006 0.0625
0 0.19375 0.5131944444444445 0.0734375 0.06527777777777778
0 0.063671875 0.5298611111111111 0.05234375 0.04861111111111111
0 0.575390625 0.29444444444444445 0.00859375 0.2
0 0.44648437500000004 0.32916666666666666 0.017968750000000002 0.02777777777777778
0 0.8679687500000001 0.7034722222222223 0.21875 0.2652777777777778
0 0.583203125 0.7743055555555556 0.23359375000000002 0.1125
0 0.527734375 0.5548611111111111 0.35859375000000004 0.31527777777777777
0 0.325 0.5861111111111111 0.03125 0.044444444444444446
0 0.275 0.701388888888889 0.1453125 0.058333333333333334
