0 0.8480468750000001 0.6625 0.08046875 0.05
0 0.89375 0.8083333333333333 0.09531250000000001 0.09444444444444444
0 0.68671875 0.8284722222222223 0.05 0.07361111111111111
0 0.186328125 0.25833333333333336 0.02890625 0.05
0 0.052734375 0.8423611111111111 0.08046875 0.04861111111111111
0 0.39921875 0.46805555555555556 0.19843750000000002 0.49722222222222223
0 0.466796875 0.8291666666666667 0.01953125 0.044444444444444446
0 0.568359375 0.8472222222222222 0.014843750000000001 0.030555555555555558
0 0.976171875 0.7111111111111111 0.04296875 0.18888888888888888
0 0.45390625 0.07430555555555556 0.0203125 0.03194444444444445
0 0.11015625000000001 0.732638888888889 0.20625000000000002 0.31527777777777777
