0 0.90859375 0.7097222222222223 0.022395833333333334 0.04537037037037037
0 0.7450520833333333 0.6550925925925927 0.030729166666666665 0.036111111111111115
0 0.6174479166666667 0.587962962962963 0.011979166666666666 0.04814814814814815
0 0.3572916666666667 0.5768518518518518 0.010416666666666666 0.04259259259259259
0 0.3072916666666667 0.6638888888888889 0.035416666666666666 0.040740740740740744
0 0.6091145833333333 0.7731481481481481 0.028645833333333332 0.02962962962962963
0 0.4328125 0.6324074074074074 0.022916666666666665 0.03888888888888889
0 0.41562499999999997 0.6828703703703703 0.019791666666666666 0.026851851851851852
0 0.5510416666666667 0.7138888888888889 0.015625 0.024074074074074074
0 0.3536458333333333 0.6453703703703704 0.03229166666666666 0.012962962962962964
0 0.40130208333333334 0.7226851851851852 0.021354166666666667 0.015740740740740743
0 0.7125 0.7972222222222223 0.019791666666666666 0.02592592592592593
