0 0.6997395833333333 0.4166666666666667 0.07447916666666667 0.26481481481481484
0 0.5880208333333333 0.625462962962963 0.184375 0.075
0 0.7888020833333333 0.41712962962962963 0.05364583333333333 0.15092592592592594
0 0.56328125 0.42824074074074076 0.015104166666666667 0.19351851851851853
0 0.7171875 0.23194444444444445 0.016666666666666666 0.05092592592592593
0 0.059375 0.6143518518518519 0.05520833333333333 0.030555555555555558
0 0.5052083333333334 0.4365740740740741 0.010416666666666666 0.15092592592592594
0 0.9044270833333333 0.5273148148148148 0.0109375 0.058333333333333334
0 0.8286458333333333 0.5268518518518519 0.010416666666666666 0.09074074074074075
0 0.75625 0.5958333333333333 0.051041666666666666 0.11574074074074074
