0 0.6192708333333333 0.46435185185185185 0.18645833333333334 0.3861111111111111
0 0.8442708333333333 0.5541666666666667 0.21875 0.23240740740740742
0 0.9757812499999999 0.48379629629629634 0.0484375 0.1712962962962963
0 0.88359375 0.2212962962962963 0.2328125 0.19074074074074074
0 0.31015625 0.3662037037037037 0.15364583333333334 0.15833333333333333
0 0.46901041666666665 0.3143518518518519 0.12864583333333332 0.13425925925925927
0 0.3338541666666667 0.6513888888888889 0.036458333333333336 0.0787037037037037
0 0.5481770833333334 0.7351851851851852 0.021354166666666667 0.03518518518518519
0 0.6799479166666667 0.18703703703703706 0.07552083333333333 0.11851851851851852
0 0.46901041666666665 0.46296296296296297 0.0921875 0.10925925925925926
0 0.775 0.4916666666666667 0.019791666666666666 0.07592592592592592
