0 0.8919354838709678 0.23671497584541062 0.2161290322580645 0.2640901771336554
0 0.556989247311828 0.3776167471819646 0.034408602150537634 0.1111111111111111
0 0.6849462365591398 0.5233494363929146 0.23225806451612904 0.2576489533011272
0 0.9037634408602151 0.48711755233494364 0.1881720430107527 0.23349436392914655
0 0.8263440860215053 0.749597423510467 0.1817204301075269 0.1497584541062802
0 0.38333333333333336 0.47665056360708535 0.016129032258064516 0.04508856682769726
0 0.4252688172043011 0.5064412238325282 0.011827956989247311 0.017713365539452495
0 0.9591397849462365 0.0322061191626409 0.07096774193548387 0.061191626409017714
0 0.34623655913978496 0.4895330112721417 0.015053763440860214 0.028985507246376812
0 0.875268817204301 0.12318840579710146 0.017204301075268817 0.024154589371980676
0 0.9720430107526882 0.678743961352657 0.025806451612903226 0.09822866344605476
