0 0.41471571906354515 0.3994082840236686 0.12040133779264214 0.10059171597633136
0 0.5936454849498327 0.4467455621301775 0.21070234113712374 0.6804733727810651
0 0.6304347826086957 0.8786982248520709 0.07692307692307693 0.10059171597633136
0 0.41304347826086957 0.591715976331361 0.12374581939799331 0.17751479289940827
0 0.3277591973244147 0.5384615384615384 0.046822742474916385 0.07100591715976332
0 0.7792642140468228 0.606508875739645 0.04013377926421405 0.0650887573964497
0 0.8076923076923077 0.42899408284023666 0.023411371237458192 0.0650887573964497
0 0.4080267558528428 0.8461538461538461 0.05351170568561873 0.03550295857988166
0 0.27759197324414714 0.8905325443786982 0.026755852842809364 0.029585798816568046
0 0.7591973244147157 0.8402366863905325 0.16722408026755853 0.10650887573964497
