0 0.646875 0.6907407407407408 0.2895833333333333 0.3388888888888889
0 0.83203125 0.3814814814814815 0.10677083333333333 0.37777777777777777
0 0.7140625 0.3680555555555556 0.10104166666666667 0.11388888888888889
0 0.45989583333333334 0.4222222222222222 0.06145833333333333 0.05925925925925926
0 0.0671875 0.46435185185185185 0.075 0.06759259259259259
0 0.24635416666666665 0.45092592592592595 0.075 0.06851851851851852
0 0.9916666666666667 0.437962962962963 0.016666666666666666 0.10370370370370371
0 0.34375 0.40972222222222227 0.10625 0.14537037037037037
0 0.0078125 0.4462962962962963 0.0125 0.08148148148148149
0 0.7932291666666667 0.6069444444444445 0.008333333333333333 0.04351851851851852
