0 0.976171875 0.7284722222222223 0.047656250000000004 0.18194444444444446
0 0.980078125 0.9083333333333333 0.039843750000000004 0.05555555555555556
0 0.876171875 0.8236111111111112 0.07109375 0.09722222222222222
0 0.6902343750000001 0.8298611111111112 0.06171875 0.08194444444444444
0 0.833203125 0.6840277777777778 0.03828125 0.06527777777777778
0 0.390625 0.5583333333333333 0.19843750000000002 0.5916666666666667
0 0.8871093750000001 0.04861111111111111 0.06328125 0.07222222222222223
0 0.10820312500000001 0.7055555555555556 0.21484375 0.39722222222222225
0 0.18320312500000002 0.2798611111111111 0.03671875 0.0763888888888889
0 0.5496093750000001 0.6340277777777779 0.06796875000000001 0.1486111111111111
0 0.6257812500000001 0.05 0.025 0.09444444444444444
0 0.667578125 0.2965277777777778 0.022656250000000003 0.043055555555555555
0 0.6058593750000001 0.5006944444444444 0.01953125 0.07916666666666666
