0 0.33204633204633205 0.34536082474226804 0.2007722007722008 0.29896907216494845
0 0.6737451737451737 0.4381443298969072 0.02702702702702703 0.1134020618556701
0 0.7046332046332047 0.6855670103092784 0.0501930501930502 0.07216494845360824
0 0.6061776061776062 0.4020618556701031 0.06177606177606178 0.08247422680412371
0 0.48262548262548266 0.2860824742268041 0.0694980694980695 0.08762886597938144
0 0.4671814671814672 0.422680412371134 0.04633204633204634 0.16494845360824742
0 0.17953667953667954 0.44072164948453607 0.08108108108108109 0.06701030927835051
0 0.4594594594594595 0.770618556701031 0.07722007722007722 0.03608247422680412
0 0.10231660231660232 0.5077319587628866 0.0501930501930502 0.11855670103092783
0 0.2007722007722008 0.6237113402061856 0.02316602316602317 0.030927835051546393
