0 0.9119791666666667 0.7175925925925927 0.035416666666666666 0.061111111111111116
0 0.740625 0.6541666666666667 0.034375 0.03981481481481482
0 0.6239583333333333 0.6111111111111112 0.03229166666666666 0.05185185185185186
0 0.41380208333333335 0.6027777777777777 0.022395833333333334 0.05
0 0.4427083333333333 0.6490740740740741 0.034375 0.031481481481481485
0 0.4901041666666667 0.6847222222222222 0.025 0.05092592592592593
0 0.5369791666666667 0.7513888888888889 0.027083333333333334 0.025
0 0.3380208333333333 0.638888888888889 0.028125 0.03518518518518519
0 0.6807291666666666 0.7902777777777779 0.029166666666666667 0.03425925925925926
0 0.31145833333333334 0.6768518518518519 0.021875 0.02962962962962963
