0 0.12187500000000001 0.7541666666666667 0.2421875 0.21944444444444444
0 0.31367187500000004 0.6479166666666667 0.14140625 0.1736111111111111
0 0.090234375 0.6048611111111112 0.08046875 0.09305555555555556
0 0.022265625 0.5736111111111112 0.03359375 0.13611111111111113
0 0.5921875 0.5048611111111111 0.115625 0.08194444444444444
0 0.48281250000000003 0.5465277777777778 0.05625 0.13194444444444445
0 0.7175781250000001 0.5131944444444445 0.017968750000000002 0.04027777777777778
0 0.413671875 0.5819444444444445 0.01953125 0.05277777777777778
0 0.412109375 0.6902777777777778 0.04453125 0.04166666666666667
0 0.39570312500000004 0.4166666666666667 0.01640625 0.13611111111111113
