0 0.8539062500000001 0.5888888888888889 0.1125 0.4027777777777778
0 0.98359375 0.6159722222222223 0.0328125 0.3736111111111111
0 0.58515625 0.8034722222222223 0.390625 0.23472222222222222
0 0.30859375 0.7041666666666667 0.19062500000000002 0.17777777777777778
0 0.24335937500000002 0.46597222222222223 0.057031250000000006 0.0763888888888889
0 0.43046875 0.1826388888888889 0.018750000000000003 0.06805555555555556
0 0.6707031250000001 0.5819444444444445 0.16796875 0.17500000000000002
0 0.035546875 0.7930555555555556 0.06953125 0.09444444444444444
0 0.50546875 0.5673611111111111 0.1390625 0.21805555555555556
0 0.039453125000000006 0.6763888888888889 0.07265625 0.04166666666666667
0 0.109375 0.4743055555555556 0.0140625 0.06805555555555556
