0 0.24917763157894735 0.6476608187134503 0.1595394736842105 0.6988304093567251
0 0.08223684210526315 0.45321637426900585 0.046052631578947366 0.21052631578947367
0 0.9383223684210525 0.597953216374269 0.018092105263157895 0.11403508771929824
0 0.9835526315789473 0.5964912280701754 0.03289473684210526 0.1695906432748538
0 0.9202302631578947 0.7894736842105263 0.06085526315789473 0.1695906432748538
0 0.8125 0.8026315789473684 0.042763157894736836 0.19005847953216373
0 0.6998355263157894 0.5906432748538011 0.05098684210526316 0.3567251461988304
0 0.4695723684210526 0.7690058479532164 0.02796052631578947 0.06432748538011696
0 0.4161184210526316 0.8289473684210525 0.01644736842105263 0.049707602339181284
0 0.09375 0.6769005847953216 0.01644736842105263 0.02631578947368421
