0 0.311328125 0.29930555555555555 0.02421875 0.3625
0 0.909375 0.2923611111111111 0.060937500000000006 0.22916666666666669
0 0.4390625 0.5402777777777777 0.5359375000000001 0.35000000000000003
0 0.58203125 0.7833333333333333 0.2265625 0.1
0 0.8894531250000001 0.7555555555555555 0.16640625 0.16944444444444445
0 0.198046875 0.5013888888888889 0.08828125 0.0638888888888889
0 0.039453125000000006 0.5791666666666667 0.07109375 0.04722222222222222
0 0.453125 0.35000000000000003 0.051562500000000004 0.061111111111111116
0 0.58515625 0.30208333333333337 0.018750000000000003 0.23472222222222222
0 0.050390625 0.5083333333333333 0.08203125 0.0638888888888889
0 0.9007812500000001 0.5006944444444444 0.1640625 0.1736111111111111
0 0.523828125 0.22291666666666668 0.022656250000000003 0.11527777777777778
