0 0.475328947368421 0.7149122807017544 0.2894736842105263 0.5058479532163742
0 0.8832236842105262 0.695906432748538 0.10526315789473684 0.4093567251461988
0 0.21299342105263155 0.7675438596491228 0.12006578947368421 0.3362573099415205
0 0.10197368421052631 0.7894736842105263 0.07894736842105263 0.2807017543859649
0 0.3075657894736842 0.8070175438596491 0.049342105263157895 0.0935672514619883
0 0.7508223684210525 0.7953216374269005 0.12335526315789473 0.30409356725146197
0 0.6422697368421052 0.8494152046783625 0.06085526315789473 0.21929824561403508
0 0.9679276315789473 0.7807017543859649 0.06414473684210525 0.1871345029239766
0 0.03207236842105263 0.7309941520467835 0.06085526315789473 0.4444444444444444
0 0.7310855263157894 0.5 0.1332236842105263 0.21052631578947367
