0 0.5682291666666667 0.45046296296296295 0.065625 0.15833333333333333
0 0.6908854166666667 0.5476851851851852 0.0140625 0.13425925925925927
0 0.4278645833333333 0.4300925925925926 0.011979166666666666 0.09351851851851853
0 0.840625 0.37453703703703706 0.01875 0.028703703703703703
0 0.08489583333333334 0.6370370370370371 0.017708333333333333 0.02592592592592593
0 0.20130208333333333 0.6453703703703704 0.04010416666666666 0.018518518518518517
0 0.5973958333333333 0.32083333333333336 0.011458333333333333 0.03425925925925926
0 0.5533854166666666 0.3092592592592593 0.015104166666666667 0.016666666666666666
0 0.7830729166666667 0.47453703703703703 0.015104166666666667 0.025
0 0.6432291666666666 0.611574074074074 0.078125 0.06018518518518519
