0 0.6625 0.7027777777777778 0.21770833333333334 0.35370370370370374
0 0.7638020833333333 0.35555555555555557 0.24010416666666667 0.3648148148148148
0 0.35052083333333334 0.4351851851851852 0.06875 0.11111111111111112
0 0.05182291666666666 0.43842592592592594 0.09947916666666666 0.11944444444444445
0 0.9919270833333333 0.4310185185185185 0.01614583333333333 0.11018518518518519
0 0.4388020833333333 0.41064814814814815 0.0828125 0.075
0 0.26979166666666665 0.4671296296296297 0.030208333333333334 0.04166666666666667
0 0.54375 0.3791666666666667 0.03958333333333333 0.04537037037037037
0 0.6033854166666667 0.40324074074074073 0.030729166666666665 0.05648148148148149
0 0.15677083333333333 0.45555555555555555 0.065625 0.05925925925925926
0 0.22265625 0.4518518518518519 0.0453125 0.04814814814814815
