0 0.9700520833333334 0.5347222222222222 0.024479166666666666 0.03981481481481482
0 0.9932291666666666 0.500462962962963 0.013541666666666667 0.0638888888888889
0 0.8885416666666667 0.6953703703703704 0.011458333333333333 0.024074074074074074
0 0.9846354166666667 0.6328703703703704 0.013020833333333334 0.021296296296296296
0 0.9578125 0.6111111111111112 0.015625 0.02962962962962963
0 0.8203125 0.5611111111111111 0.027083333333333334 0.024074074074074074
0 0.8614583333333333 0.5722222222222223 0.010416666666666666 0.024074074074074074
0 0.77734375 0.5611111111111111 0.0203125 0.024074074074074074
0 0.9760416666666667 0.46064814814814814 0.013541666666666667 0.032407407407407406
0 0.15364583333333334 0.8231481481481482 0.0125 0.016666666666666666
0 0.21067708333333332 0.7685185185185186 0.013020833333333334 0.022222222222222223
