0 0.39296875000000003 0.6402777777777778 0.21406250000000002 0.4222222222222222
0 0.8910156250000001 0.8173611111111111 0.06484375 0.09861111111111112
0 0.969921875 0.7215277777777778 0.06015625 0.1902777777777778
0 0.857421875 0.6694444444444445 0.13046875 0.09166666666666667
0 0.10429687500000001 0.7270833333333334 0.20703125 0.3763888888888889
0 0.166015625 0.4291666666666667 0.013281250000000001 0.08333333333333334
0 0.909765625 0.04583333333333334 0.06796875000000001 0.08333333333333334
0 0.8972656250000001 0.23750000000000002 0.03671875 0.11666666666666667
0 0.33515625000000004 0.35694444444444445 0.0578125 0.05277777777777778
0 0.544140625 0.12222222222222223 0.025781250000000002 0.058333333333333334
0 0.18085937500000002 0.2715277777777778 0.032031250000000004 0.08750000000000001
0 0.127734375 0.4791666666666667 0.014843750000000001 0.016666666666666666
0 0.049609375000000004 0.07152777777777779 0.00859375 0.02638888888888889
0 0.6824218750000001 0.826388888888889 0.06015625 0.09166666666666667
0 0.560546875 0.8444444444444444 0.03828125 0.030555555555555558
0 0.9714843750000001 0.8993055555555556 0.057031250000000006 0.043055555555555555
