0 0.6866197183098591 0.2796610169491525 0.18309859154929578 0.11864406779661017
0 0.3045774647887324 0.8163841807909604 0.13028169014084506 0.10734463276836158
0 0.38204225352112675 0.559322033898305 0.03873239436619719 0.04519774011299435
0 0.5299295774647887 0.3446327683615819 0.08098591549295775 0.0790960451977401
0 0.3274647887323944 0.655367231638418 0.056338028169014086 0.05649717514124294
0 0.676056338028169 0.1497175141242938 0.07746478873239437 0.06214689265536723
0 0.653169014084507 0.7033898305084746 0.11619718309859155 0.1864406779661017
0 0.5475352112676056 0.11299435028248588 0.017605633802816902 0.1016949152542373
0 0.5052816901408451 0.03954802259887005 0.05985915492957747 0.06779661016949153
0 0.7552816901408451 0.672316384180791 0.017605633802816902 0.05649717514124294
