0 0.6278645833333333 0.611574074074074 0.04010416666666666 0.04166666666666667
0 0.7403645833333333 0.6435185185185185 0.0140625 0.03518518518518519
0 0.9125 0.7101851851851853 0.020833333333333332 0.04814814814814815
0 0.34453125 0.6356481481481482 0.03802083333333333 0.032407407407407406
0 0.43697916666666664 0.625 0.015625 0.024074074074074074
0 0.6174479166666667 0.6902777777777778 0.019270833333333334 0.030555555555555558
0 0.51796875 0.6666666666666667 0.0171875 0.02592592592592593
0 0.31171875 0.674537037037037 0.024479166666666666 0.026851851851851852
0 0.6799479166666667 0.7824074074074074 0.013020833333333334 0.020370370370370372
0 0.6200520833333333 0.7773148148148148 0.022395833333333334 0.025
0 0.4791666666666667 0.7462962962962963 0.008333333333333333 0.024074074074074074
0 0.41015625 0.5722222222222223 0.0203125 0.020370370370370372
