0 0.6364583333333333 0.45601851851851855 0.19583333333333333 0.3712962962962963
0 0.8817708333333333 0.22962962962962963 0.23645833333333333 0.2
0 0.87109375 0.5481481481481482 0.2578125 0.27592592592592596
0 0.3502604166666667 0.33564814814814814 0.22447916666666667 0.225
0 0.49505208333333334 0.3199074074074074 0.05364583333333333 0.08425925925925926
0 0.47109375 0.47824074074074074 0.08072916666666667 0.125
0 0.33958333333333335 0.6606481481481482 0.027083333333333334 0.05092592592592593
0 0.5591145833333333 0.736574074074074 0.022395833333333334 0.03425925925925926
0 0.6713541666666667 0.17546296296296296 0.08958333333333333 0.08425925925925926
0 0.24869791666666666 0.24629629629629632 0.0453125 0.07962962962962963
