0 0.585546875 0.8243055555555556 0.02421875 0.05416666666666667
0 0.6316406250000001 0.8284722222222223 0.01640625 0.0375
0 0.598046875 0.6861111111111111 0.02109375 0.03888888888888889
0 0.6765625000000001 0.3076388888888889 0.1765625 0.19305555555555556
0 0.8914062500000001 0.670138888888889 0.2171875 0.40972222222222227
0 0.9828125000000001 0.3666666666666667 0.034375 0.10277777777777779
0 0.61875 0.20555555555555557 0.0234375 0.05277777777777778
0 0.85546875 0.29444444444444445 0.1484375 0.2388888888888889
0 0.7566406250000001 0.7923611111111112 0.022656250000000003 0.051388888888888894
0 0.878125 0.9354166666666667 0.025 0.018055555555555557
