0 0.5666118421052632 0.7339181286549707 0.03782894736842105 0.18128654970760233
0 0.7294407894736842 0.6798245614035088 0.05427631578947368 0.06725146198830409
0 0.506578947368421 0.9181286549707601 0.16776315789473684 0.16374269005847952
0 0.33223684210526316 0.783625730994152 0.06578947368421052 0.05847953216374269
0 0.3807565789473684 0.7587719298245613 0.014802631578947368 0.1023391812865497
0 0.4013157894736842 0.7733918128654971 0.009868421052631578 0.049707602339181284
0 0.4777960526315789 0.7192982456140351 0.10032894736842105 0.1871345029239766
0 0.609375 0.6491228070175439 0.03453947368421052 0.17543859649122806
0 0.7746710526315789 0.5497076023391813 0.05921052631578947 0.04678362573099415
0 0.23519736842105263 0.9605263157894737 0.05921052631578947 0.07309941520467836
0 0.6661184210526315 0.8011695906432748 0.09868421052631579 0.15204678362573099
0 0.6710526315789473 0.6739766081871345 0.042763157894736836 0.07894736842105263
0 0.3758223684210526 0.9049707602339181 0.12006578947368421 0.19005847953216373
0 0.23519736842105263 0.7792397660818713 0.05592105263157894 0.0847953216374269
