0 0.4791666666666667 0.8023148148148148 0.12604166666666666 0.10277777777777779
0 0.8903645833333333 0.5810185185185185 0.03697916666666667 0.0787037037037037
0 0.47369791666666666 0.061111111111111116 0.0390625 0.07407407407407407
0 0.27421875 0.2902777777777778 0.1203125 0.04351851851851852
0 0.38255208333333335 0.31712962962962965 0.021354166666666667 0.049074074074074076
0 0.2833333333333333 0.5263888888888889 0.035416666666666666 0.07685185185185185
0 0.11770833333333333 0.8449074074074074 0.12395833333333334 0.03981481481481482
0 0.33697916666666666 0.8319444444444445 0.140625 0.05092592592592593
0 0.4432291666666667 0.11527777777777778 0.020833333333333332 0.025
0 0.41432291666666665 0.18981481481481483 0.0140625 0.020370370370370372
0 0.4192708333333333 0.21574074074074076 0.010416666666666666 0.016666666666666666
0 0.2799479166666667 0.17916666666666667 0.0234375 0.021296296296296296
0 0.2546875 0.23333333333333334 0.036458333333333336 0.02592592592592593
