0 0.7682291666666666 0.32453703703703707 0.22916666666666666 0.23425925925925928
0 0.9919270833333333 0.4305555555555556 0.01614583333333333 0.11666666666666667
0 0.6604166666666667 0.6657407407407407 0.24687499999999998 0.41481481481481486
0 0.4041666666666667 0.4287037037037037 0.14791666666666667 0.10740740740740741
0 0.044270833333333336 0.4430555555555556 0.0875 0.10833333333333334
0 0.24505208333333334 0.45787037037037037 0.07447916666666667 0.049074074074074076
0 0.59765625 0.39537037037037037 0.0171875 0.02962962962962963
0 0.5421875 0.3787037037037037 0.02395833333333333 0.02777777777777778
0 0.8583333333333333 0.5074074074074074 0.016666666666666666 0.022222222222222223
0 0.8195312499999999 0.46851851851851856 0.0140625 0.02592592592592593
0 0.5877604166666667 0.9615740740740741 0.043229166666666666 0.028703703703703703
