0 0.2080592105263158 0.6008771929824561 0.2713815789473684 0.7982456140350876
0 0.7113486842105263 0.6052631578947368 0.1069078947368421 0.3567251461988304
0 0.9366776315789473 0.5906432748538011 0.021381578947368418 0.14035087719298245
0 0.9893092105263157 0.38011695906432746 0.021381578947368418 0.3333333333333333
0 0.9876644736842105 0.6242690058479532 0.024671052631578948 0.09649122807017543
0 0.8774671052631579 0.8026315789473684 0.15296052631578946 0.19005847953216373
0 0.4794407894736842 0.7514619883040935 0.044407894736842105 0.10526315789473684
0 0.08470394736842105 0.35526315789473684 0.014802631578947368 0.06140350877192982
0 0.8330592105263157 0.6228070175438596 0.021381578947368418 0.07017543859649122
0 0.4325657894736842 0.8201754385964912 0.03618421052631579 0.06140350877192982
